0 0
1 -3
2 -6
3 -8
4 -4
5 -7
6 -3
7 -6
8 -9
9 -12
10 -15
11 -18
12 -21
13 -24
14 77
15 74
16 71
17 68
18 65
19 62
20 62
21 59
22 56
23 53
24 50
25 47
26 44
27 41
28 38
29 35
30 39
31 37
32 34
33 31
34 28
35 25
36 22
37 19
38 19
39 16
40 20
41 17
42 21
43 21
44 18
45 16
46 13
47 17
48 17
49 17
50 17
51 21
52 18
53 18
54 15
55 12
56 9
57 6
58 3
59 0
60 -3
61 -3
62 -6
63 -2
64 -5
65 -8
66 -4
67 -7
68 -10
69 -13
70 -16
71 -19
72 -15
73 -15
74 -18
75 -21
76 -21
77 -17
78 -20
79 -23
80 -19
81 -22
82 -22
83 -18
84 -21
85 -24
86 -20
87 -20
88 -16
89 -12
90 -15
91 -18
92 -21
93 -24
94 -27
95 -23
96 -26
97 -29
98 -32
99 -28
100 -24
101 -27
102 -30
103 -33
104 -36
105 -39
106 -42
107 -38
108 -41
109 -37
110 -40
111 -43
112 -43
113 -43
114 -39
115 -42
116 -45
117 -48
118 -51
119 -54
120 -57
121 -57
122 -57
123 -60
124 -63
125 -59
126 -55
127 -51
128 -54
129 -57
130 -60
131 -63
132 -66
133 -69
134 -72
135 -75
136 -78
137 -74
138 -77
139 -77
140 -80
141 -83
142 -86
143 -82
144 -85
145 -88
146 -91
147 -91
148 -87
149 -90
150 -86
151 -89
152 -92
153 -88
154 -91
155 -94
156 -97
157 -100
158 -103
159 -106
160 -109
161 -109
162 -112
163 -115
164 -111
165 -114
166 -114
167 -117
168 -113
169 -116
170 -119
171 -122
172 -125
173 -127
174 -130
175 -133
176 -133
177 -136
178 -132
179 -135
180 -138
181 -141
182 -144
183 -144
184 -147
185 163
186 160
187 157
188 154
189 151
190 151
191 253
192 253
193 250
194 247
195 244
196 241
197 238
198 235
199 232
200 229
201 233
202 230
203 234
204 231
205 228
206 225
207 222
208 219
209 216
210 216
211 213
212 210
213 207
214 204
215 201
216 205
217 202
218 199
219 196
220 193
221 193
222 190
223 187
224 184
225 181
226 181
227 178
228 175
229 172
230 169
231 173
232 173
233 185
234 182
235 186
236 190
237 187
238 184
239 181
240 178
241 175
242 172
243 169
244 166
245 163
246 160
247 157
248 154
249 151
250 151
251 148
252 145
253 149
254 149
255 153
256 157
257 154
258 154
259 151
260 148
261 145
262 145
263 142
264 146
265 143
266 140
267 140
268 137
269 238
270 242
271 246
272 250
273 247
274 251
275 248
276 245
277 242
278 239
279 236
280 233
281 230
282 228
283 225
284 222
285 219
286 219
287 219
288 216
289 213
290 210
291 207
292 204
293 201
294 201
295 205
296 205
297 205
298 202
299 206
300 203
301 200
302 197
303 201
304 201
305 198
306 195
307 192
308 189
309 186
310 183
311 183
312 180
313 177
314 177
315 174
316 174
317 174
318 276
319 273
320 271
321 271
322 268
323 265
324 262
325 259
326 259
327 259
328 256
329 254
330 251
331 248
332 245
333 242
334 239
335 236
336 233
337 230
338 230
339 234
340 231
341 231
342 228
343 225
344 229
345 226
346 230
347 230
348 227
349 224
350 224
351 228
352 225
353 225
354 222
355 219
356 216
357 213
358 217
359 217
360 221
361 221
362 218
363 215
364 316
365 313
366 310
367 307
368 307
369 304
370 301
371 298
372 295
373 292
374 289
375 286
376 286
377 290
378 287
379 291
380 295
381 295
382 299
383 299
384 296
385 293
386 290
387 287
388 284
389 281
390 281
391 278
392 275
393 272
394 270
395 267
396 264
397 261
398 261
399 362
400 366
401 370
402 367
403 364
404 361
405 361
406 358
407 355
408 359
409 356
410 353
411 353
412 357
413 361
414 358
415 355
416 352
417 349
418 346
419 343
420 340
421 344
422 341
423 338
424 335
425 332
426 329
427 329
428 333
429 337
430 334
431 334
432 331
433 328
434 325
435 322
436 319
437 316
438 313
439 310
440 307
441 314
442 311
443 311
444 315
445 315
446 313
447 313
448 310
449 307
450 304
451 301
452 298
453 302
454 306
455 303
456 300
457 297
458 294
459 291
460 291
461 291
462 291
463 288
464 288
465 285
466 285
467 282
468 279
469 283
470 280
471 280
472 280
473 277
474 281
475 281
476 278
477 282
478 286
479 286
480 283
481 280
482 277
483 274
484 278
485 278
486 275
487 272
488 269
489 370
490 374
491 371
492 368
493 365
494 362
495 359
496 356
497 353
498 350
499 347
500 344
501 341
502 338
503 335
504 335
505 339
506 336
507 340
508 337
509 341
510 338
511 342
512 342
513 339
514 336
515 333
516 333
517 333
518 337
519 341
520 341
521 341
522 338
523 338
524 335
525 339
526 336
527 333
528 333
529 330
530 327
531 324
532 321
533 321
534 318
535 315
536 312
537 309
538 306
539 303
540 300
541 297
542 301
543 298
544 302
545 299
546 303
547 300
548 304
549 301
550 298
551 295
552 295
553 292
554 292
555 296
556 293
557 290
558 287
559 284
560 281
561 281
562 278
563 278
564 278
565 278
566 275
567 272
568 272
569 276
570 273
571 270
572 267
573 271
574 275
575 272
576 269
577 266
578 263
579 260
580 257
581 254
582 266
583 263
584 267
585 264
586 261
587 258
588 255
589 252
590 249
591 246
592 243
593 240
594 240
595 244
596 241
597 238
598 235
599 232
600 229
601 226
602 223
603 223
604 220
605 218
606 218
607 222
608 219
609 216
610 220
611 217
612 214
613 214
614 211
615 208
616 206
617 203
618 203
619 207
620 204
621 201
622 198
623 195
624 195
625 192
626 189
627 186
628 183
629 180
630 177
631 174
632 178
633 175
634 179
635 176
636 173
637 173
638 170
639 167
640 165
641 165
642 162
643 166
644 163
645 160
646 157
647 154
648 152
649 149
650 146
651 150
652 154
653 151
654 151
655 148
656 145
657 142
658 142
659 139
660 143
661 140
662 137
663 141
664 138
665 135
666 132
667 132
668 132
669 129
670 129
671 126
672 123
673 127
674 124
675 128
676 125
677 122
678 119
679 123
680 120
681 124
682 121
683 118
684 115
685 112
686 109
687 106
688 103
689 100
690 97
691 94
692 91
693 88
694 85
695 395
696 392
697 389
698 386
699 383
700 387
701 384
702 388
703 385
704 385
705 385
706 383
707 380
708 380
709 377
710 374
711 371
712 368
713 365
714 362
715 359
716 359
717 356
718 353
719 353
720 350
721 354
722 352
723 349
724 346
725 343
726 340
727 344
728 341
729 338
730 335
731 335
732 335
733 339
734 336
735 333
736 337
737 341
738 338
739 342
740 339
741 336
742 340
743 344
744 341
745 338
746 335
747 332
748 336
749 333
750 333
751 331
752 335
753 339
754 343
755 340
756 344
757 341
758 338
759 342
760 339
761 336
762 333
763 333
764 330
765 334
766 338
767 342
768 339
769 336
770 333
771 330
772 327
773 324
774 321
775 318
776 322
777 319
778 316
779 313
780 310
781 308
782 305
783 309
784 313
785 313
786 310
787 307
788 304
789 304
790 301
791 298
792 296
793 296
794 293
795 290
796 287
797 287
798 284
799 281
800 285
801 282
802 279
803 276
804 273
805 270
806 267
807 264
808 268
809 265
810 269
811 266
812 263
813 260
814 257
815 261
816 258
817 255
818 252
819 252
820 252
821 256
822 253
823 250
824 247
825 244
826 244
827 241
828 238
829 238
830 235
831 232
832 230
833 227
834 224
835 221
836 218
837 215
838 212
839 209
840 206
841 203
842 207
843 207
844 204
845 201
846 198
847 195
848 192
849 189
850 193
851 190
852 187
853 184
854 181
855 178
856 175
857 172
858 172
859 169
860 166
861 163
862 163
863 160
864 157
865 154
866 151
867 148
868 145
869 142
870 139
871 143
872 140
873 144
874 141
875 138
876 135
877 139
878 136
879 133
880 130
881 128
882 125
883 122
884 119
885 116
886 116
887 113
888 110
889 114
890 111
891 108
892 112
893 116
894 116
895 120
896 120
897 124
898 121
899 125
900 122
901 119
902 116
903 116
904 113
905 110
906 114
907 111
908 108
909 105
910 102
911 102
912 99
913 96
914 100
915 97
916 94
917 98
918 95
919 99
920 96
921 96
922 93
923 91
924 88
925 85
926 89
927 86
928 83
929 80
930 77
931 74
932 71
933 75
934 72
935 69
936 66
937 63
938 67
939 64
940 61
941 58
942 55
943 52
944 50
945 54
946 51
947 51
948 55
949 59
950 56
951 53
952 50
953 54
954 58
955 55
956 52
957 52
958 49
959 49
960 46
961 43
962 40
963 37
964 34
965 34
966 38
967 35
968 32
969 29
970 26
971 26
972 30
973 27
974 24
975 24
976 21
977 18
978 18
979 15
980 15
981 19
982 16
983 13
984 10
985 10
986 8
987 8
988 5
989 2
990 2
991 -1
992 -4
993 -7
994 -3
995 -6
996 -2
997 -5
998 -5
999 -8
1000 -11
1001 -14
1002 -17
1003 -20
1004 -23
1005 -26
1006 -29
1007 -25
1008 -28
1009 -31
1010 -31
1011 -34
1012 -37
1013 -37
1014 -37
1015 -40
1016 -43
1017 -46
1018 -49
1019 -52
1020 -55
1021 -55
1022 -55
1023 -58
1024 -54
1025 -57
1026 -60
1027 -56
1028 -59
1029 -59
1030 -62
1031 -65
1032 -65
1033 -68
1034 -64
1035 -67
1036 -70
1037 -73
1038 -73
1039 -76
1040 -72
1041 -75
1042 -78
1043 -74
1044 -70
1045 -70
1046 -70
1047 -73
1048 -75
1049 -78
1050 -80
1051 -83
1052 -86
1053 -82
1054 -84
1055 -87
1056 -90
1057 -93
1058 -96
1059 -99
1060 -102
1061 -105
1062 -108
1063 -111
1064 -114
1065 -117
1066 -120
1067 -123
1068 -126
1069 -129
1070 -132
1071 -132
1072 -135
1073 -135
1074 -138
1075 -138
1076 -138
1077 -138
1078 -141
1079 -144
1080 -140
1081 -143
1082 -143
1083 -146
1084 -149
1085 -152
1086 -155
1087 -155
1088 -155
1089 -158
1090 -161
1091 -164
1092 -167
1093 -170
1094 -173
1095 -169
1096 -172
1097 -175
1098 -178
1099 -174
1100 -170
1101 -173
1102 -173
1103 -176
1104 -179
1105 -182
1106 -185
1107 -188
1108 -191
1109 -191
1110 -194
1111 -197
1112 -200
1113 -203
1114 -199
1115 -195
1116 -195
1117 -191
1118 -193
1119 -196
1120 -199
1121 -202
1122 -205
1123 -208
1124 -208
1125 -211
1126 -214
1127 -217
1128 -217
1129 -219
1130 -222
1131 -225
1132 -228
1133 -231
1134 -231
1135 -234
1136 -237
1137 -233
1138 -236
1139 -232
1140 -235
1141 -238
1142 -241
1143 -244
1144 -247
1145 -250
1146 -250
1147 -252
1148 -255
1149 -258
1150 -261
1151 -264
1152 -267
1153 -270
1154 -266
1155 -266
1156 -269
1157 -269
1158 -272
1159 -275
1160 -271
1161 -267
1162 -270
1163 -270
1164 -266
1165 -266
1166 -269
1167 -265
1168 -268
1169 -271
1170 -274
1171 -276
1172 -279
1173 -279
1174 -279
1175 -282
1176 -282
1177 -285
1178 -288
1179 -291
1180 -287
1181 -290
1182 -290
1183 -293
1184 -296
1185 -296
1186 -298
1187 -298
1188 -301
1189 -301
1190 -304
1191 -307
1192 -303
1193 -306
1194 -309
1195 -309
1196 -312
1197 -315
1198 -318
1199 -321
1200 -324
1201 -327
1202 -330
1203 -330
1204 -333
1205 -336
1206 -339
1207 -335
1208 -338
1209 -341
1210 -344
1211 -347
1212 -350
1213 -353
1214 -356
1215 -359
1216 -362
1217 -362
1218 -358
1219 -361
1220 -364
1221 -367
1222 -369
1223 -369
1224 -369
1225 -365
1226 -365
1227 -368
1228 -371
1229 -374
1230 -370
1231 -366
1232 -369
1233 -365
1234 -368
1235 -371
1236 -374
1237 -377
1238 -377
1239 -380
1240 -383
1241 -386
1242 -389
1243 -392
1244 -395
1245 -398
1246 -401
1247 -404
1248 -407
1249 -407
1250 -403
1251 -399
1252 -399
1253 -395
1254 -395
1255 -398
1256 -398
1257 -398
1258 -401
1259 -404
1260 -407
1261 -409
1262 -412
1263 -415
1264 -418
1265 -421
1266 -417
1267 -420
1268 -423
1269 -426
1270 -429
1271 -432
1272 -434
1273 -434
1274 -437
1275 -440
1276 -443
1277 -443
1278 -443
1279 -439
1280 -439
1281 -442
1282 -445
1283 -448
1284 -444
1285 -447
1286 -443
1287 -446
1288 -442
1289 -438
1290 -441
1291 -437
1292 -440
1293 -443
1294 -443
1295 -446
1296 -449
1297 -452
1298 -452
1299 -452
1300 -448
1301 -444
1302 -447
1303 -450
1304 -453
1305 -456
1306 -459
1307 -462
1308 -458
1309 -461
1310 -457
1311 -453
1312 -455
1313 -458
1314 -458
1315 -461
1316 -464
1317 -467
1318 -470
1319 -473
1320 -476
1321 -479
1322 -482
1323 -485
1324 -487
1325 -483
1326 -486
1327 -489
1328 -485
1329 -488
1330 -491
1331 -494
1332 -490
1333 -486
1334 -489
1335 -485
1336 -488
1337 -488
1338 -488
1339 -491
1340 -494
1341 -497
1342 -500
1343 -503
1344 -499
1345 -502
1346 -505
1347 -508
1348 -199
1349 -202
1350 -205
1351 -208
1352 -208
1353 -211
1354 -214
1355 -217
1356 -220
1357 -223
1358 -226
1359 -222
1360 -218
1361 -214
1362 -214
1363 -210
1364 -210
1365 -213
1366 -209
1367 -212
1368 -215
1369 -211
1370 -214
1371 -217
1372 -220
1373 -223
1374 -226
1375 -229
1376 -231
1377 -234
1378 -230
1379 -226
1380 -222
1381 -225
1382 -228
1383 -231
1384 -234
1385 -237
1386 -240
1387 -243
1388 -246
1389 -249
1390 -252
1391 -255
1392 -258
1393 -261
1394 -264
1395 -267
1396 -270
1397 -273
1398 -276
1399 -279
1400 -282
1401 -282
1402 -285
1403 -281
1404 -284
1405 -287
1406 -290
1407 -293
1408 -296
1409 -299
1410 -302
1411 -305
1412 -308
1413 -311
1414 -314
1415 -317
1416 -320
1417 -323
1418 -323
1419 -323
1420 -326
1421 -329
1422 -325
1423 -325
1424 -328
1425 -331
1426 -334
1427 -337
1428 -340
1429 -343
1430 -346
1431 -349
1432 -352
1433 -355
1434 -358
1435 -361
1436 -364
1437 -367
1438 -370
1439 -373
1440 -376
1441 -376
1442 -379
1443 -382
1444 -378
1445 -374
1446 -374
1447 -377
1448 -380
1449 -380
1450 -376
1451 -379
1452 -382
1453 -385
1454 -388
1455 -384
1456 -387
1457 -390
1458 -393
1459 -396
1460 -392
1461 -388
1462 -391
1463 -394
1464 -397
1465 -400
1466 -403
1467 -406
1468 -409
1469 -412
1470 -415
1471 -418
1472 -414
1473 -417
1474 -413
1475 -416
1476 -419
1477 -422
1478 -425
1479 -428
1480 -428
1481 -431
1482 -434
1483 -437
1484 -437
1485 -440
1486 -443
1487 -446
1488 -449
1489 -452
1490 -455
1491 -455
1492 -458
1493 -461
1494 -461
1495 -464
1496 -467
1497 -470
1498 -473
1499 -476
1500 -479
1501 -475
1502 -471
1503 -474
1504 -477
1505 -480
1506 -483
1507 -483
1508 -485
1509 -488
1510 -491
1511 -494
1512 -497
1513 -500
1514 -503
1515 -506
1516 -509
1517 -512
1518 -515
1519 -518
1520 -514
1521 -517
1522 -513
1523 -509
1524 -509
1525 -512
1526 -515
1527 -511
1528 -514
1529 -517
1530 -520
1531 -523
1532 -526
1533 -529
1534 -532
1535 -535
1536 -538
1537 -538
1538 -541
1539 -544
1540 -540
1541 -543
1542 -546
1543 -546
1544 -546
1545 -549
1546 -545
1547 -548
1548 -544
1549 -540
1550 -543
1551 -546
1552 -549
1553 -549
1554 -552
1555 -555
1556 -558
1557 -561
1558 -564
1559 -567
1560 -570
1561 -573
1562 -569
1563 -572
1564 -575
1565 -578
1566 -580
1567 -583
1568 -586
1569 -589
1570 -589
1571 -592
1572 -595
1573 -598
1574 -601
1575 -604
1576 -604
1577 -607
1578 -603
1579 -606
1580 -609
1581 -612
1582 -615
1583 -618
1584 -614
1585 -617
1586 -620
1587 -616
1588 -619
1589 -622
1590 -625
1591 -621
1592 -624
1593 -627
1594 -627
1595 -630
1596 -630
1597 -626
1598 -629
1599 -632
1600 -635
1601 -635
1602 -638
1603 -641
1604 -644
1605 -647
1606 -650
1607 -646
1608 -545
1609 -548
1610 -551
1611 -554
1612 -557
1613 -560
1614 -563
1615 -566
1616 -566
1617 -569
1618 -572
1619 -568
1620 -571
1621 -574
1622 -577
1623 -580
1624 -576
1625 -579
1626 -579
1627 -582
1628 -585
1629 -588
1630 -588
1631 -591
1632 -594
1633 -597
1634 -600
1635 -603
1636 -603
1637 -606
1638 -609
1639 -612
1640 -608
1641 -611
1642 -614
1643 -610
1644 -613
1645 -613
1646 -616
1647 -619
1648 -619
1649 -622
1650 -625
1651 -628
1652 -628
1653 -631
1654 -634
1655 -637
1656 -640
1657 -643
1658 -646
1659 -649
1660 -652
1661 -655
1662 -651
1663 -654
1664 -650
1665 -653
1666 -649
1667 -649
1668 -652
1669 -655
1670 -658
1671 -661
1672 -664
1673 -667
1674 -670
1675 -673
1676 -676
1677 -672
1678 -672
1679 -675
1680 -671
1681 -674
1682 -677
1683 -680
1684 -683
1685 -686
1686 -689
1687 -692
1688 -695
1689 -698
1690 -701
1691 -704
1692 -707
1693 -710
1694 -710
1695 -713
1696 -716
1697 -712
1698 -708
1699 -711
1700 -714
1701 -717
1702 -720
1703 -723
1704 -726
1705 -729
1706 -732
1707 -735
1708 -738
1709 -741
1710 -741
1711 -744
1712 -435
1713 -438
1714 -441
1715 -441
1716 -444
1717 -447
1718 -450
1719 -453
1720 -455
1721 -458
1722 -454
1723 -457
1724 -460
1725 -456
1726 -459
1727 -462
1728 -465
1729 -465
1730 -465
1731 -461
1732 -464
1733 -464
1734 -467
1735 -470
1736 -466
1737 -469
1738 -472
1739 -475
1740 -478
1741 -481
1742 -484
1743 -487
1744 -483
1745 -486
1746 -489
1747 -492
1748 -492
1749 -488
1750 -491
1751 -487
1752 -490
1753 -492
1754 -495
1755 -498
1756 -494
1757 -497
1758 -497
1759 -500
1760 -503
1761 -506
1762 -509
1763 -509
1764 -512
1765 -515
1766 -518
1767 -514
1768 -517
1769 -513
1770 -516
1771 -512
1772 -508
1773 -511
1774 -514
1775 -517
1776 -520
1777 -523
1778 -526
1779 -529
1780 -529
1781 -532
1782 -535
1783 -535
1784 -538
1785 -541
1786 -541
1787 -544
1788 -547
1789 -547
1790 -543
1791 -546
1792 -549
1793 -549
1794 -552
1795 -555
1796 -558
1797 -561
1798 -561
1799 -557
1800 -560
1801 -556
1802 -559
1803 -555
1804 -558
1805 -561
1806 -564
1807 -567
1808 -563
1809 -563
1810 -566
1811 -569
1812 -572
1813 -575
1814 -571
1815 -574
1816 -574
1817 -576
1818 -576
1819 -579
1820 -582
1821 -585
1822 -588
1823 -588
1824 -591
1825 -587
1826 -590
1827 -586
1828 -586
1829 -582
1830 -585
1831 -588
1832 -584
1833 -580
1834 -583
1835 -586
1836 -588
1837 -591
1838 -281
1839 -284
1840 -284
1841 -287
1842 -287
1843 -290
1844 -293
1845 -289
1846 -289
1847 -285
1848 -288
1849 -291
1850 -291
1851 -294
1852 -297
1853 -300
1854 -303
1855 -306
1856 -309
1857 -312
1858 -315
1859 -311
1860 -314
1861 -317
1862 -320
1863 -323
1864 -326
1865 -329
1866 -325
1867 -328
1868 -331
1869 -334
1870 -337
1871 -340
1872 -340
1873 -343
1874 -346
1875 -348
1876 -351
1877 -351
1878 -354
1879 -357
1880 -357
1881 -353
1882 -356
1883 -359
1884 -362
1885 -365
1886 -368
1887 -371
1888 -374
1889 -377
1890 -380
1891 -383
1892 -379
1893 -382
1894 -385
1895 -387
1896 -383
1897 -386
1898 -389
1899 -392
1900 -388
1901 -388
1902 -391
1903 -387
1904 -390
1905 -390
1906 -393
1907 -396
1908 -399
1909 -402
1910 -405
1911 -408
1912 -411
1913 -414
1914 -417
1915 -420
1916 -416
1917 -412
1918 -415
1919 -418
1920 -421
1921 -424
1922 -115
1923 -118
1924 -121
1925 -117
1926 -120
1927 -123
1928 -126
1929 -126
1930 -129
1931 -132
1932 -135
1933 -138
1934 -134
1935 -137
1936 -140
1937 -143
1938 -139
1939 -142
1940 -145
1941 -148
1942 -151
1943 -154
1944 -150
1945 -153
1946 -149
1947 -145
1948 -148
1949 -151
1950 -147
1951 -150
1952 -153
1953 -149
1954 -152
1955 -155
1956 -158
1957 -161
1958 -164
1959 -167
1960 -170
1961 -173
1962 -176
1963 -172
1964 -175
1965 -178
1966 -181
1967 -184
1968 -187
1969 -190
1970 -186
1971 -186
1972 -182
1973 -178
1974 -174
1975 -177
1976 -173
1977 -169
1978 -172
1979 -168
1980 -164
1981 -167
1982 -170
1983 -173
1984 -176
1985 -172
1986 -175
1987 -178
1988 -178
1989 -181
1990 -184
1991 -187
1992 -190
1993 -190
1994 -193
1995 -193
1996 -189
1997 -192
1998 -188
1999 -191
2000 -194
2001 -197
2002 -200
2003 -203
2004 -206
2005 -209
2006 -212
2007 -215
2008 -218
2009 -221
2010 -224
2011 -227
2012 -230
2013 -233
2014 -236
2015 -239
2016 -239
2017 -242
2018 -242
2019 -245
2020 -248
2021 -251
2022 -254
2023 -250
2024 -253
2025 -256
2026 -259
2027 -262
2028 -265
2029 -261
2030 -257
2031 -257
2032 -260
2033 -263
2034 -266
2035 -262
2036 -265
2037 -265
2038 -268
2039 -271
2040 -274
2041 -277
2042 -280
2043 -283
2044 -286
2045 -289
2046 -292
2047 -295
2048 -298
2049 -298
2050 -298
2051 -298
2052 -197
2053 -200
2054 -203
2055 -199
2056 -202
2057 -205
2058 -201
2059 -204
2060 -207
2061 -207
2062 -210
2063 -213
2064 -216
2065 -219
2066 -215
2067 -218
2068 -214
2069 -210
2070 -213
2071 -213
2072 -216
2073 -219
2074 -215
2075 -218
2076 -214
2077 -217
2078 -217
2079 -213
2080 -216
2081 -212
2082 -215
2083 -218
2084 -221
2085 -224
2086 -227
2087 -230
2088 -226
2089 -229
2090 -231
2091 -234
2092 -237
2093 -240
2094 -240
2095 -243
2096 -246
2097 -249
2098 -252
2099 -255
2100 -258
2101 -261
2102 -264
2103 -260
2104 -263
2105 -266
2106 -269
2107 -269
2108 -272
2109 -275
2110 -271
2111 -274
2112 -277
2113 -273
2114 -273
2115 -269
2116 -272
2117 -275
2118 -278
2119 -281
2120 -284
2121 -287
2122 -290
2123 -290
2124 -293
2125 -296
2126 -292
2127 -295
2128 -298
2129 -298
2130 -301
2131 -297
2132 -293
2133 -296
2134 -299
2135 -295
2136 -298
2137 -301
2138 -304
2139 -307
2140 -310
2141 -313
2142 -316
2143 -319
2144 -322
2145 -318
2146 -314
2147 -317
2148 -313
2149 -316
2150 -319
2151 -322
2152 -322
2153 -325
2154 -328
2155 -331
2156 -334
2157 -337
2158 -340
2159 -336
2160 -336
2161 -339
2162 -342
2163 -342
2164 -345
2165 -348
2166 -351
2167 -347
2168 -350
2169 -353
2170 -356
2171 -254
2172 -257
2173 -253
2174 -256
2175 -258
2176 -261
2177 -264
2178 -264
2179 -264
2180 -260
2181 -256
2182 -259
2183 -262
2184 -262
2185 -265
2186 -268
2187 -268
2188 -271
2189 -271
2190 -274
2191 -277
2192 -280
2193 -283
2194 -279
2195 -282
2196 -285
2197 -281
2198 -277
2199 -280
2200 -283
2201 -286
2202 -289
2203 -285
2204 -288
2205 -291
2206 -287
2207 -290
2208 -293
2209 -289
2210 -285
2211 -281
2212 -284
2213 -280
2214 -283
2215 -279
2216 -282
2217 -285
2218 -285
2219 -285
2220 -285
2221 -288
2222 -291
2223 -294
2224 -296
2225 -292
2226 -295
2227 -297
2228 -300
2229 -303
2230 -306
2231 -309
2232 -312
2233 -314
2234 -317
2235 -320
2236 -316
2237 -319
2238 -322
2239 -325
2240 -321
2241 -324
2242 -327
2243 -330
2244 -330
2245 -326
2246 -329
2247 -332
2248 -335
2249 -335
2250 -337
2251 -340
2252 -343
2253 -346
2254 -349
2255 -352
2256 -355
2257 -358
2258 -361
2259 -364
2260 -360
2261 -356
2262 -359
2263 -362
2264 -365
2265 -368
2266 -371
2267 -374
2268 -377
2269 -373
2270 -373
2271 -376
2272 -379
2273 -382
2274 -382
2275 -385
2276 -388
2277 -391
2278 -394
2279 -397
2280 -393
2281 -396
2282 -396
2283 -392
2284 -395
2285 -398
2286 -401
2287 -404
2288 -407
2289 -403
2290 -406
2291 -409
2292 -412
2293 -415
2294 -417
2295 -420
2296 -423
2297 -425
2298 -428
2299 -424
2300 -426
2301 -428
2302 -431
2303 -434
2304 -437
2305 -440
2306 -443
2307 -446
2308 -449
2309 -445
2310 -447
2311 -443
2312 -446
2313 -449
2314 -452
2315 -455
2316 -455
2317 -458
2318 -454
2319 -457
2320 -460
2321 -463
2322 -466
2323 -469
2324 -472
2325 -475
2326 -478
2327 -481
2328 -484
2329 -487
2330 -490
2331 -490
2332 -486
2333 -489
2334 -492
2335 -495
2336 -491
2337 -487
2338 -490
2339 -493
2340 -496
2341 -492
2342 -492
2343 -488
2344 -491
2345 -494
2346 -497
2347 -500
2348 -503
2349 -503
2350 -499
2351 -502
2352 -505
2353 -501
2354 -504
2355 -507
2356 -510
2357 -506
2358 -509
2359 -512
2360 -515
2361 -511
2362 -514
2363 -517
2364 -520
2365 -523
2366 -526
2367 -522
2368 -525
2369 -528
2370 -524
2371 -527
2372 -218
2373 -221
2374 -217
2375 -220
2376 -223
2377 -226
2378 -229
2379 -232
2380 -235
2381 -238
2382 -241
2383 -241
2384 -243
2385 -246
2386 -249
2387 -252
2388 -255
2389 -251
2390 -254
2391 -254
2392 -257
2393 -257
2394 -257
2395 -260
2396 -263
2397 -266
2398 -269
2399 -272
2400 -275
2401 -271
2402 -271
2403 -267
2404 -263
2405 -266
2406 -262
2407 -258
2408 -261
2409 -264
2410 -264
2411 -267
2412 -270
2413 -273
2414 -276
2415 -279
2416 -282
2417 -285
2418 -288
2419 -291
2420 -287
2421 -290
2422 -293
2423 -293
2424 -289
2425 -292
2426 -295
2427 -298
2428 -301
2429 -304
2430 -304
2431 -307
2432 -307
2433 -310
2434 -313
2435 -316
2436 -319
2437 -319
2438 -319
2439 -322
2440 -325
2441 -328
2442 -331
2443 -334
2444 -330
2445 -333
2446 -336
2447 -339
2448 -342
2449 -345
2450 -345
2451 -348
2452 -351
2453 -351
2454 -354
2455 -357
2456 -360
2457 -363
2458 -359
2459 -355
2460 -358
2461 -361
2462 -364
2463 -367
2464 -370
2465 -373
2466 -369
2467 -372
2468 -375
2469 -378
2470 -380
2471 -383
2472 -383
2473 -386
2474 -389
2475 -385
2476 -388
2477 -388
2478 -391
2479 -394
2480 -396
2481 -399
2482 -399
2483 -395
2484 -398
2485 -401
2486 -397
2487 -400
2488 -400
2489 -403
2490 -406
2491 -409
2492 -412
2493 -415
2494 -418
2495 -421
2496 -424
2497 -427
2498 -429
2499 -432
2500 -435
2501 -438
2502 -441
2503 -444
2504 -447
2505 -450
2506 -446
2507 -449
2508 -452
2509 -452
2510 -448
2511 -451
2512 -454
2513 -454
2514 -457
2515 -453
2516 -456
2517 -456
2518 -459
2519 -455
2520 -458
2521 -454
2522 -457
2523 -460
2524 -460
2525 -463
2526 -466
2527 -469
2528 -472
2529 -475
2530 -478
2531 -478
2532 -481
2533 -483
2534 -483
2535 -486
2536 -489
2537 -492
2538 -492
2539 -495
2540 -498
2541 -501
2542 -501
2543 -497
2544 -500
2545 -500
2546 -500
2547 -503
2548 -506
2549 -509
2550 -505
2551 -508
2552 -511
2553 -511
2554 -514
2555 -517
2556 -517
2557 -520
2558 -523
2559 -519
2560 -519
2561 -522
2562 -518
2563 -521
2564 -521
2565 -517
2566 -520
2567 -523
2568 -526
2569 -526
2570 -522
2571 -525
2572 -528
2573 -531
2574 -534
2575 -530
2576 -533
2577 -529
2578 -529
2579 -532
2580 -535
2581 -538
2582 -541
2583 -544
2584 -544
2585 -544
2586 -547
2587 -550
2588 -553
2589 -556
2590 -559
2591 -562
2592 -565
2593 -568
2594 -568
2595 -571
2596 -574
2597 -577
2598 -573
2599 -576
2600 -572
2601 -575
2602 -578
2603 -574
2604 -577
2605 -580
2606 -583
2607 -586
2608 -589
2609 -592
2610 -592
2611 -592
2612 -595
2613 -591
2614 -594
2615 -597
2616 -600
2617 -603
2618 -606
2619 -609
2620 -612
2621 -615
2622 -618
2623 -621
2624 -621
2625 -624
2626 -620
2627 -623
2628 -626
2629 -629
2630 -632
2631 -628
2632 -631
2633 -634
2634 -637
2635 -640
2636 -643
2637 -646
2638 -646
2639 -649
2640 -645
2641 -648
2642 -651
2643 -647
2644 -338
2645 -334
2646 -330
2647 -333
2648 -336
2649 -339
2650 -342
2651 -345
2652 -345
2653 -348
2654 -351
2655 -354
2656 -357
2657 -360
2658 -356
2659 -359
2660 -362
2661 -365
2662 -368
2663 -371
2664 -367
2665 -363
2666 -366
2667 -369
2668 -372
2669 -375
2670 -378
2671 -381
2672 -384
2673 -387
2674 -383
2675 -386
2676 -389
2677 -392
2678 -395
2679 -398
2680 -401
2681 -404
2682 -407
2683 -410
2684 -413
2685 -416
2686 -419
2687 -422
2688 -425
2689 -425
2690 -428
2691 -431
2692 -434
2693 -437
2694 -440
2695 -443
2696 -439
2697 -442
2698 -445
2699 -441
2700 -437
2701 -440
2702 -443
2703 -446
2704 -449
2705 -452
2706 -455
2707 -353
2708 -356
2709 -359
2710 -359
2711 -362
2712 -365
2713 -368
2714 -371
2715 -374
2716 -377
2717 -380
2718 -383
2719 -386
2720 -389
2721 -389
2722 -392
2723 -395
2724 -398
2725 -89
2726 -89
2727 -85
2728 -81
2729 -77
2730 -80
2731 -83
2732 -86
2733 -86
2734 -82
2735 -85
2736 -88
2737 -91
2738 -94
2739 -97
2740 -100
2741 -103
2742 -106
2743 -109
2744 -109
2745 -112
2746 -115
2747 -118
2748 -121
2749 -124
2750 -127
2751 -130
2752 -133
2753 -136
2754 -139
2755 -142
2756 -142
2757 -138
2758 -141
2759 -144
2760 -147
2761 -150
2762 -153
2763 -156
2764 -156
2765 -159
2766 -159
2767 -162
2768 -165
2769 -161
2770 -164
2771 -167
2772 -163
2773 -166
2774 -162
2775 -165
2776 -168
2777 -171
2778 -174
2779 -177
2780 -180
2781 -183
2782 -186
2783 -189
2784 -185
2785 -188
2786 -184
2787 -180
2788 -183
2789 -186
2790 -189
2791 -192
2792 -195
2793 -197
2794 -200
2795 -203
2796 -199
2797 -195
2798 -198
2799 -201
2800 -201
2801 -197
2802 -200
2803 -203
2804 -206
2805 -202
2806 -198
2807 -201
2808 -204
2809 -204
2810 -200
2811 -203
2812 -206
2813 -208
2814 -211
2815 -214
2816 -217
2817 -217
2818 -220
2819 -223
2820 -219
2821 -222
2822 -222
2823 -225
2824 -228
2825 -228
2826 -231
2827 -234
2828 -237
2829 -240
2830 -236
2831 -239
2832 -242
2833 -245
2834 -248
2835 -251
2836 -254
2837 -257
2838 -253
2839 -249
2840 -249
2841 -251
2842 -253
2843 -256
2844 -259
2845 -255
2846 -258
2847 -258
2848 -261
2849 -264
2850 -267
2851 -270
2852 -273
2853 -276
2854 -279
2855 -282
2856 -285
2857 -281
2858 -284
2859 -287
2860 -283
2861 -286
2862 -289
2863 20
2864 17
2865 14
2866 11
2867 15
2868 12
2869 16
2870 325
2871 322
2872 326
2873 326
2874 323
2875 321
2876 318
2877 315
2878 312
2879 316
2880 313
2881 310
2882 308
2883 305
2884 302
2885 299
2886 296
2887 293
2888 290
2889 294
2890 291
2891 288
2892 285
2893 282
2894 279
2895 279
2896 276
2897 273
2898 270
2899 267
2900 264
2901 261
2902 261
2903 258
2904 255
2905 252
2906 252
2907 256
2908 256
2909 254
2910 251
2911 248
2912 245
2913 249
2914 249
2915 246
2916 243
2917 240
2918 244
2919 241
2920 238
2921 235
2922 235
2923 233
2924 230
2925 227
2926 224
2927 221
2928 218
2929 215
2930 212
2931 209
2932 206
2933 203
2934 207
2935 204
2936 201
2937 198
2938 195
2939 192
2940 196
2941 200
2942 198
2943 195
2944 192
2945 189
2946 193
2947 190
2948 190
2949 187
2950 191
2951 188
2952 185
2953 182
2954 182
2955 179
2956 183
2957 183
2958 180
2959 184
2960 188
2961 188
2962 192
2963 189
2964 186
2965 183
2966 180
2967 177
2968 174
2969 171
2970 168
2971 168
2972 165
2973 162
2974 159
2975 156
2976 153
2977 150
2978 147
2979 144
2980 141
2981 138
2982 142
2983 139
2984 136
2985 140
2986 137
2987 134
2988 131
2989 128
2990 125
2991 129
2992 126
2993 123
2994 120
2995 117
2996 114
2997 114
2998 114
2999 111
3000 108
3001 105
3002 105
3003 103
3004 103
3005 107
3006 104
3007 102
3008 99
3009 96
3010 93
3011 90
3012 90
3013 87
3014 84
3015 88
3016 92
3017 89
3018 86
3019 83
3020 80
3021 77
3022 74
3023 71
3024 68
3025 68
3026 65
3027 65
3028 62
3029 59
3030 56
3031 53
3032 57
3033 54
3034 51
3035 55
3036 52
3037 52
3038 49
3039 49
3040 46
3041 43
3042 47
3043 47
3044 51
3045 48
3046 45
3047 42
3048 39
3049 43
3050 40
3051 37
3052 34
3053 31
3054 31
3055 28
3056 25
3057 22
3058 19
3059 19
3060 16
3061 13
3062 13
3063 10
3064 10
3065 7
3066 4
3067 1
3068 1
3069 -2
3070 -2
3071 -2
3072 -2
3073 -5
3074 -1
3075 -4
3076 0
3077 -3
3078 -6
3079 -6
3080 -9
3081 -12
3082 -12
3083 -12
3084 -15
3085 -18
3086 -21
3087 -24
3088 -24
3089 -24
3090 -24
3091 -27
3092 -30
3093 -33
3094 -36
3095 -39
3096 -39
3097 -42
3098 -45
3099 -48
3100 -51
3101 -54
3102 -57
3103 -60
3104 -63
3105 -66
3106 -69
3107 -72
3108 -75
3109 -78
3110 -81
3111 -84
3112 -87
3113 -90
3114 -93
3115 -96
3116 -99
3117 -102
3118 -105
3119 -108
3120 -111
3121 -114
3122 -117
3123 -120
3124 -123
3125 -126
3126 -122
3127 -118
3128 -121
3129 -124
3130 -124
3131 -127
3132 -130
3133 -133
3134 -136
3135 -139
3136 -142
3137 -145
3138 -148
3139 -151
3140 -154
3141 -157
3142 -160
3143 -163
3144 -159
3145 -162
3146 -165
3147 -165
3148 -161
3149 -161
3150 -164
3151 -167
3152 -170
3153 -173
3154 -176
3155 -179
3156 -182
3157 -185
3158 -188
3159 -191
3160 -187
3161 -190
3162 -193
3163 -196
3164 -199
3165 -202
3166 -205
3167 -193
3168 -193
3169 -196
3170 -199
3171 -202
3172 -202
3173 -205
3174 -208
3175 -211
3176 -214
3177 -210
3178 -213
3179 -216
3180 -219
3181 -222
3182 -224
3183 -220
3184 -223
3185 -226
3186 -229
3187 -232
3188 -220
3189 -223
3190 -225
3191 -228
3192 -224
3193 -227
3194 -230
3195 -233
3196 -235
3197 -238
3198 -241
3199 -237
3200 -240
3201 -240
3202 -236
3203 -239
3204 -242
3205 -242
3206 -242
3207 -245
3208 -248
3209 -244
3210 -247
3211 -247
3212 -250
3213 -253
3214 -253
3215 -256
3216 -259
3217 -262
3218 -265
3219 -268
3220 -271
3221 -274
3222 -277
3223 -280
3224 -280
3225 -283
3226 -285
3227 -288
3228 -291
3229 -294
3230 -297
3231 -293
3232 -296
3233 -299
3234 -302
3235 -298
3236 -301
3237 -304
3238 -307
3239 -310
3240 -312
3241 -315
3242 -318
3243 -321
3244 -324
3245 -324
3246 -327
3247 -330
3248 -333
3249 -336
3250 -339
3251 -342
3252 -241
3253 -244
3254 -240
3255 -236
3256 -236
3257 -232
3258 -235
3259 -238
3260 -241
3261 -244
3262 -244
3263 -247
3264 -250
3265 -253
3266 -256
3267 -259
3268 -262
3269 -265
3270 -268
3271 -271
3272 -274
3273 -274
3274 -277
3275 -280
3276 -276
3277 -276
3278 -279
3279 -279
3280 -275
3281 -278
3282 -281
3283 -284
3284 -287
3285 -290
3286 -293
3287 -296
3288 -299
3289 -302
3290 -305
3291 -308
3292 -311
3293 -314
3294 -4
3295 -7
3296 -10
3297 -13
3298 -16
3299 -19
3300 -15
3301 -18
3302 -21
3303 -24
3304 -27
3305 -30
3306 -33
3307 -36
3308 -39
3309 -42
3310 -45
3311 -41
3312 -44
3313 -47
3314 -50
3315 -46
3316 -49
3317 -45
3318 -48
3319 -51
3320 -54
3321 -57
3322 -60
3323 -63
3324 -59
3325 -62
3326 -65
3327 -68
3328 -71
3329 -74
3330 -77
3331 -73
3332 236
3333 233
3334 230
3335 227
3336 231
3337 228
3338 225
3339 229
3340 226
3341 224
3342 221
3343 221
3344 218
3345 215
3346 212
3347 209
3348 209
3349 213
3350 210
3351 207
3352 204
3353 204
3354 208
3355 212
3356 209
3357 206
3358 206
3359 210
3360 207
3361 204
3362 204
3363 208
3364 208
3365 205
3366 202
3367 200
3368 197
3369 201
3370 198
3371 195
3372 192
3373 189
3374 186
3375 190
3376 194
3377 191
3378 195
3379 192
3380 189
3381 186
3382 183
3383 180
3384 184
3385 184
3386 181
3387 181
3388 178
3389 175
3390 172
3391 169
3392 169
3393 166
3394 170
3395 174
3396 171
3397 168
3398 172
3399 176
3400 173
3401 170
3402 167
3403 164
3404 161
3405 158
3406 155
3407 159
3408 159
3409 163
3410 167
3411 167
3412 164
3413 161
3414 161
3415 161
3416 158
3417 158
3418 162
3419 159
3420 156
3421 153
3422 150
3423 147
3424 151
3425 148
3426 148
3427 145
3428 142
3429 146
3430 143
3431 245
3432 242
3433 242
3434 239
3435 236
3436 233
3437 230
3438 227
3439 231
3440 228
3441 225
3442 222
3443 219
3444 216
3445 216
3446 213
3447 213
3448 210
3449 208
3450 208
3451 208
3452 205
3453 209
3454 206
3455 203
3456 203
3457 200
3458 204
3459 201
3460 198
3461 196
3462 193
3463 190
3464 187
3465 184
3466 181
3467 178
3468 182
3469 179
3470 176
3471 173
3472 170
3473 167
3474 164
3475 161
3476 158
3477 155
3478 159
3479 163
3480 160
3481 160
3482 157
3483 154
3484 151
3485 155
3486 155
3487 152
3488 149
3489 146
3490 143
3491 140
3492 137
3493 141
3494 141
3495 138
3496 138
3497 136
3498 133
3499 133
3500 133
3501 130
3502 130
3503 127
3504 124
3505 121
3506 118
3507 115
3508 112
3509 109
3510 113
3511 110
3512 107
3513 104
3514 104
3515 101
3516 105
3517 102
3518 99
3519 96
3520 93
3521 90
3522 87
3523 91
3524 88
3525 88
3526 92
3527 92
3528 89
3529 86
3530 90
3531 87
3532 84
3533 81
3534 78
3535 75
3536 79
3537 76
3538 80
3539 84
3540 81
3541 85
3542 82
3543 79
3544 76
3545 73
3546 70
3547 70
3548 70
3549 70
3550 67
3551 64
3552 68
3553 72
3554 69
3555 66
3556 63
3557 60
3558 57
3559 54
3560 51
3561 51
3562 48
3563 45
3564 42
3565 39
3566 36
3567 33
3568 37
3569 41
3570 41
3571 38
3572 35
3573 32
3574 29
3575 26
3576 23
3577 27
3578 24
3579 21
3580 21
3581 21
3582 18
3583 15
3584 12
3585 9
3586 6
3587 6
3588 3
3589 104
3590 101
3591 98
3592 102
3593 99
3594 99
3595 96
3596 93
3597 90
3598 87
3599 85
3600 82
3601 79
3602 83
3603 80
3604 77
3605 74
3606 71
3607 68
3608 65
3609 62
3610 62
3611 66
3612 63
3613 60
3614 60
3615 57
3616 54
3617 51
3618 48
3619 45
3620 42
3621 42
3622 39
3623 39
3624 36
3625 40
3626 44
3627 41
3628 45
3629 49
3630 46
3631 46
3632 43
3633 40
3634 37
3635 41
3636 41
3637 38
3638 42
3639 39
3640 36
3641 33
3642 33
3643 30
3644 34
3645 31
3646 28
3647 26
3648 23
3649 20
3650 20
3651 17
3652 17
3653 14
3654 11
3655 8
3656 5
3657 9
3658 6
3659 6
3660 3
3661 0
3662 4
3663 1
3664 -2
3665 -5
3666 -5
3667 -5
3668 -8
3669 -11
3670 -14
3671 -14
3672 -10
3673 -13
3674 -16
3675 -16
3676 -19
3677 -22
3678 -25
3679 -28
3680 -31
3681 -34
3682 -30
3683 -26
3684 -29
3685 -32
3686 -35
3687 -38
3688 -41
3689 -37
3690 -40
3691 -36
3692 -36
3693 -36
3694 -39
3695 -42
3696 -38
3697 -38
3698 -41
3699 -44
3700 -47
3701 -50
3702 -53
3703 -56
3704 -56
3705 -59
3706 -59
3707 -55
3708 -51
3709 -54
3710 -57
3711 -60
3712 -63
3713 -66
3714 -62
3715 -58
3716 -61
3717 -57
3718 -60
3719 -63
3720 -66
3721 -69
3722 -72
3723 -75
3724 -78
3725 -81
3726 -77
3727 -77
3728 -80
3729 -76
3730 -79
3731 -79
3732 -79
3733 -82
3734 -85
3735 -85
3736 -88
3737 -84
3738 -87
3739 -90
3740 -93
3741 -89
3742 -92
3743 -95
3744 -97
3745 -100
3746 -103
3747 -106
3748 -102
3749 -105
3750 -105
3751 -108
3752 -111
3753 -114
3754 -114
3755 -117
3756 -120
3757 -123
3758 -126
3759 -122
3760 -118
3761 -114
3762 -117
3763 -120
3764 -120
3765 -122
3766 -125
3767 -121
3768 -124
3769 -120
3770 -120
3771 -123
3772 -126
3773 -129
3774 -132
3775 -135
3776 -138
3777 -141
3778 -144
3779 -147
3780 -143
3781 -146
3782 -146
3783 -149
3784 -152
3785 -155
3786 -158
3787 -161
3788 -164
3789 -160
3790 149
3791 146
3792 144
3793 144
3794 144
3795 141
3796 141
3797 138
3798 135
3799 135
3800 132
3801 129
3802 126
3803 130
3804 134
3805 131
3806 128
3807 125
3808 122
3809 119
3810 116
3811 120
3812 117
3813 121
3814 118
3815 115
3816 112
3817 116
3818 113
3819 117
3820 114
3821 111
3822 108
3823 112
3824 112
3825 109
3826 106
3827 103
3828 100
3829 97
3830 94
3831 91
3832 88
3833 85
3834 89
3835 86
3836 90
3837 87
3838 91
3839 88
3840 85
3841 82
3842 79
3843 83
3844 80
3845 77
3846 74
3847 71
3848 71
3849 68
3850 65
3851 62
3852 59
3853 56
3854 53
3855 50
3856 50
3857 54
3858 51
3859 48
3860 48
3861 52
3862 49
3863 46
3864 43
3865 47
3866 44
3867 41
3868 39
3869 36
3870 40
3871 37
3872 34
3873 31
3874 340
3875 337
3876 334
3877 331
3878 328
3879 328
3880 325
3881 322
3882 319
3883 316
3884 313
3885 310
3886 307
3887 304
3888 308
3889 312
3890 316
3891 316
3892 313
3893 313
3894 310
3895 308
3896 305
3897 302
3898 299
3899 299
3900 296
3901 293
3902 293
3903 297
3904 301
3905 305
3906 302
3907 299
3908 296
3909 293
3910 290
3911 290
3912 290
3913 287
3914 287
3915 284
3916 281
3917 278
3918 275
3919 275
3920 272
3921 269
3922 266
3923 263
3924 260
3925 260
3926 257
3927 254
3928 251
3929 248
3930 245
3931 242
3932 239
3933 239
3934 236
3935 233
3936 230
3937 234
3938 336
3939 333
3940 333
3941 330
3942 327
3943 327
3944 324
3945 328
3946 325
3947 322
3948 319
3949 323
3950 320
3951 317
3952 314
3953 311
3954 315
3955 312
3956 309
3957 618
3958 615
3959 619
3960 616
3961 620
3962 620
3963 617
3964 621
3965 618
3966 615
3967 619
3968 616
3969 613
3970 613
3971 610
3972 607
3973 604
3974 608
3975 608
3976 605
3977 609
3978 606
3979 610
3980 607
3981 917
3982 914
3983 911
3984 908
3985 912
3986 912
3987 909
3988 913
3989 910
3990 907
3991 904
3992 908
3993 906
3994 903
3995 900
3996 900
3997 904
3998 911
3999 911
4000 908
4001 905
4002 902
4003 906
4004 903
4005 900
4006 897
4007 901
4008 901
4009 898
4010 895
4011 892
4012 889
4013 893
4014 890
4015 887
4016 884
4017 881
4018 878
4019 875
4020 872
4021 872
4022 869
4023 866
4024 863
4025 860
4026 857
4027 861
4028 858
4029 855
4030 852
4031 849
4032 846
4033 843
4034 840
4035 837
4036 837
4037 834
4038 831
4039 828
4040 825
4041 822
4042 819
4043 816
4044 820
4045 817
4046 918
4047 915
4048 912
4049 909
4050 906
4051 906
4052 906
4053 903
4054 900
4055 897
4056 894
4057 894
4058 891
4059 888
4060 885
4061 889
4062 889
4063 886
4064 883
4065 890
4066 887
4067 884
4068 881
4069 878
4070 878
4071 875
4072 872
4073 869
4074 866
4075 866
4076 863
4077 860
4078 860
4079 857
4080 854
4081 851
4082 848
4083 845
4084 842
4085 839
4086 843
4087 840
4088 837
4089 841
4090 841
4091 838
4092 838
4093 835
4094 832
4095 829
4096 826
4097 823
4098 820
4099 817
4100 821
4101 818
4102 818
4103 822
4104 819
4105 816
4106 820
4107 818
4108 815
4109 812
4110 809
4111 813
4112 810
4113 814
4114 818
4115 815
4116 812
4117 809
4118 806
4119 803
4120 800
4121 804
4122 801
4123 805
4124 802
4125 802
4126 799
4127 799
4128 796
4129 796
4130 793
4131 790
4132 790
4133 787
4134 784
4135 781
4136 781
4137 785
4138 782
4139 779
4140 776
4141 776
4142 773
4143 770
4144 767
4145 764
4146 761
4147 765
4148 762
4149 759
4150 756
4151 753
4152 757
4153 754
4154 754
4155 752
4156 752
4157 749
4158 753
4159 750
4160 747
4161 744
4162 748
4163 752
4164 752
4165 749
4166 753
4167 753
4168 757
4169 757
4170 754
4171 751
4172 748
4173 745
4174 742
4175 739
4176 736
4177 736
4178 733
4179 733
4180 730
4181 734
4182 731
4183 728
4184 728
4185 725
4186 729
4187 726
4188 726
4189 723
4190 720
4191 717
4192 717
4193 714
4194 711
4195 715
4196 712
4197 709
4198 713
4199 710
4200 708
4201 705
4202 709
4203 713
4204 710
4205 707
4206 704
4207 708
4208 708
4209 705
4210 702
4211 702
4212 699
4213 696
4214 693
4215 690
4216 687
4217 687
4218 684
4219 688
4220 685
4221 682
4222 679
4223 679
4224 679
4225 679
4226 676
4227 673
4228 670
4229 674
4230 671
4231 668
4232 665
4233 669
4234 666
4235 663
4236 667
4237 664
4238 668
4239 665
4240 662
4241 659
4242 656
4243 653
4244 653
4245 657
4246 654
4247 651
4248 648
4249 645
4250 642
4251 646
4252 643
4253 640
4254 637
4255 634
4256 631
4257 628
4258 628
4259 625
4260 622
4261 622
4262 626
4263 630
4264 627
4265 624
4266 621
4267 618
4268 615
4269 612
4270 609
4271 606
4272 603
4273 600
4274 909
4275 913
4276 917
4277 917
4278 917
4279 914
4280 911
4281 908
4282 905
4283 909
4284 906
4285 910
4286 910
4287 910
4288 907
4289 904
4290 901
4291 905
4292 1214
4293 1218
4294 1222
4295 1222
4296 1219
4297 1216
4298 1213
4299 1210
4300 1214
4301 1214
4302 1211
4303 1208
4304 1205
4305 1202
4306 1202
4307 1199
4308 1199
4309 1196
4310 1196
4311 1193
4312 1197
4313 1194
4314 1191
4315 1188
4316 1185
4317 1182
4318 1179
4319 1176
4320 1173
4321 1170
4322 1167
4323 1164
4324 1161
4325 1158
4326 1155
4327 1153
4328 1150
4329 1150
4330 1147
4331 1147
4332 1144
4333 1141
4334 1138
4335 1138
4336 1138
4337 1135
4338 1132
4339 1129
4340 1126
4341 1126
4342 1126
4343 1123
4344 1123
4345 1127
4346 1124
4347 1121
4348 1118
4349 1122
4350 1119
4351 1116
4352 1120
4353 1124
4354 1128
4355 1125
4356 1122
4357 1122
4358 1119
4359 1116
4360 1120
4361 1117
4362 1121
4363 1118
4364 1115
4365 1112
4366 1109
4367 1106
4368 1103
4369 1100
4370 1100
4371 1097
4372 1094
4373 1091
4374 1088
4375 1085
4376 1082
4377 1079
4378 1077
4379 1074
4380 1074
4381 1071
4382 1071
4383 1075
4384 1079
4385 1076
4386 1073
4387 1070
4388 1067
4389 1067
4390 1064
4391 1068
4392 1068
4393 1072
4394 1072
4395 1069
4396 1073
4397 1070
4398 1074
4399 1078
4400 1075
4401 1072
4402 1069
4403 1170
4404 1167
4405 1164
4406 1168
4407 1165
4408 1162
4409 1159
4410 1159
4411 1156
4412 1160
4413 1160
4414 1157
4415 1157
4416 1155
4417 1159
4418 1156
4419 1156
4420 1153
4421 1150
4422 1147
4423 1151
4424 1148
4425 1148
4426 1145
4427 1142
4428 1139
4429 1136
4430 1133
4431 1130
4432 1127
4433 1131
4434 1128
4435 1125
4436 1122
4437 1126
4438 1123
4439 1120
4440 1117
4441 1121
4442 1125
4443 1123
4444 1120
4445 1118
4446 1427
4447 1424
4448 1428
4449 1425
4450 1422
4451 1419
4452 1423
4453 1420
4454 1417
4455 1414
4456 1411
4457 1408
4458 1405
4459 1402
4460 1406
4461 1406
4462 1403
4463 1400
4464 1400
4465 1397
4466 1394
4467 1391
4468 1395
4469 1392
4470 1389
4471 1386
4472 1383
4473 1380
4474 1377
4475 1374
4476 1378
4477 1375
4478 1372
4479 1369
4480 1366
4481 1363
4482 1360
4483 1360
4484 1357
4485 1354
4486 1351
4487 1348
4488 1345
4489 1342
4490 1339
4491 1336
4492 1336
4493 1333
4494 1337
4495 1334
4496 1331
4497 1328
4498 1328
4499 1325
4500 1322
4501 1319
4502 1316
4503 1313
4504 1311
4505 1311
4506 1308
4507 1305
4508 1302
4509 1299
4510 1299
4511 1296
4512 1293
4513 1290
4514 1287
4515 1284
4516 1284
4517 1281
4518 1278
4519 1275
4520 1272
4521 1269
4522 1266
4523 1263
4524 1260
4525 1257
4526 1261
4527 1258
4528 1255
4529 1252
4530 1252
4531 1249
4532 1253
4533 1257
4534 1257
4535 1254
4536 1251
4537 1248
4538 1252
4539 1249
4540 1253
4541 1250
4542 1247
4543 1251
4544 1251
4545 1248
4546 1245
4547 1242
4548 1239
4549 1236
4550 1236
4551 1233
4552 1237
4553 1234
4554 1232
4555 1229
4556 1226
4557 1223
4558 1223
4559 1220
4560 1220
4561 1224
4562 1228
4563 1228
4564 1228
4565 1225
4566 1222
4567 1222
4568 1219
4569 1216
4570 1213
4571 1217
4572 1214
4573 1214
4574 1211
4575 1215
4576 1212
4577 1209
4578 1213
4579 1217
4580 1215
4581 1212
4582 1209
4583 1206
4584 1203
4585 1200
4586 1197
4587 1201
4588 1198
4589 1195
4590 1192
4591 1192
4592 1189
4593 1186
4594 1183
4595 1180
4596 1177
4597 1174
4598 1178
4599 1175
4600 1172
4601 1169
4602 1166
4603 1163
4604 1160
4605 1157
4606 1157
4607 1154
4608 1158
4609 1162
4610 1166
4611 1163
4612 1160
4613 1164
4614 1161
4615 1158
4616 1155
4617 1152
4618 1149
4619 1146
4620 1143
4621 1140
4622 1137
4623 1134
4624 1134
4625 1138
4626 1135
4627 1132
4628 1132
4629 1129
4630 1127
4631 1127
4632 1124
4633 1128
4634 1125
4635 1122
4636 1126
4637 1123
4638 1120
4639 1117
4640 1121
4641 1118
4642 1115
4643 1112
4644 1109
4645 1106
4646 1103
4647 1100
4648 1097
4649 1097
4650 1094
4651 1091
4652 1088
4653 1088
4654 1092
4655 1096
4656 1093
4657 1090
4658 1087
4659 1084
4660 1081
4661 1085
4662 1082
4663 1079
4664 1083
4665 1080
4666 1077
4667 1081
4668 1085
4669 1082
4670 1082
4671 1079
4672 1083
4673 1087
4674 1084
4675 1081
4676 1081
4677 1081
4678 1078
4679 1075
4680 1075
4681 1072
4682 1072
4683 1069
4684 1073
4685 1077
4686 1081
4687 1078
4688 1075
4689 1072
4690 1069
4691 1066
4692 1063
4693 1060
4694 1057
4695 1054
4696 1051
4697 1048
4698 1045
4699 1043
4700 1040
4701 1037
4702 1034
4703 1031
4704 1035
4705 1032
4706 1029
4707 1026
4708 1030
4709 1027
4710 1024
4711 1021
4712 1021
4713 1018
4714 1015
4715 1019
4716 1016
4717 1013
4718 1010
4719 1014
4720 1014
4721 1011
4722 1008
4723 1006
4724 1003
4725 1000
4726 997
4727 994
4728 991
4729 988
4730 985
4731 985
4732 982
4733 986
4734 983
4735 987
4736 984
4737 981
4738 981
4739 978
4740 975
4741 975
4742 979
4743 983
4744 1084
4745 1081
4746 1078
4747 1078
4748 1075
4749 1072
4750 1069
4751 1069
4752 1069
4753 1066
4754 1063
4755 1060
4756 1057
4757 1054
4758 1054
4759 1054
4760 1051
4761 1051
4762 1048
4763 1045
4764 1042
4765 1042
4766 1040
4767 1037
4768 1034
4769 1031
4770 1028
4771 1032
4772 1029
4773 1026
4774 1030
4775 1034
4776 1031
4777 1028
4778 1025
4779 1022
4780 1019
4781 1019
4782 1023
4783 1020
4784 1017
4785 1017
4786 1021
4787 1018
4788 1015
4789 1012
4790 1009
4791 1009
4792 1006
4793 1010
4794 1010
4795 1007
4796 1011
4797 1008
4798 1008
4799 1005
4800 1002
4801 999
4802 996
4803 993
4804 990
4805 987
4806 984
4807 981
4808 978
4809 978
4810 978
4811 975
4812 975
4813 979
4814 979
4815 983
4816 980
4817 977
4818 974
4819 971
4820 968
4821 965
4822 962
4823 960
4824 957
4825 955
4826 952
4827 949
4828 949
4829 953
4830 950
4831 947
4832 944
4833 941
4834 938
4835 935
4836 939
4837 936
4838 936
4839 933
4840 933
4841 930
4842 927
4843 924
4844 928
4845 928
4846 925
4847 925
4848 925
4849 922
4850 919
4851 916
4852 920
4853 918
4854 915
4855 919
4856 916
4857 913
4858 913
4859 917
4860 914
4861 912
4862 916
4863 913
4864 910
4865 914
4866 911
4867 908
4868 905
4869 902
4870 902
4871 906
4872 903
4873 900
4874 897
4875 894
4876 891
4877 888
4878 892
4879 889
4880 886
4881 883
4882 887
4883 891
4884 891
4885 888
4886 885
4887 882
4888 882
4889 886
4890 988
4891 988
4892 985
4893 989
4894 993
4895 997
4896 997
4897 994
4898 998
4899 995
4900 992
4901 989
4902 989
4903 986
4904 990
4905 987
4906 984
4907 988
4908 985
4909 989
4910 993
4911 997
4912 994
4913 994
4914 991
4915 995
4916 992
4917 989
4918 986
4919 983
4920 981
4921 978
4922 978
4923 975
4924 972
4925 972
4926 969
4927 966
4928 970
4929 970
4930 968
4931 965
4932 962
4933 959
4934 956
4935 960
4936 957
4937 957
4938 961
4939 958
4940 955
4941 952
4942 949
4943 946
4944 943
4945 943
4946 940
4947 937
4948 941
4949 941
4950 941
4951 938
4952 935
4953 935
4954 932
4955 929
4956 933
4957 930
4958 934
4959 938
4960 942
4961 939
4962 936
4963 936
4964 933
4965 930
4966 927
4967 924
4968 924
4969 921
4970 918
4971 922
4972 920
4973 920
4974 917
4975 914
4976 911
4977 908
4978 905
4979 909
4980 906
4981 903
4982 903
4983 900
4984 897
4985 894
4986 891
4987 895
4988 899
4989 896
4990 896
4991 900
4992 897
4993 897
4994 894
4995 891
4996 888
4997 885
4998 885
4999 882
5000 879
5001 876
5002 873
5003 877
5004 874
5005 871
5006 875
5007 872
5008 869
5009 866
5010 863
5011 860
5012 858
5013 862
5014 859
5015 856
5016 853
5017 850
5018 848
5019 852
5020 859
5021 856
5022 854
5023 851
5024 851
5025 848
5026 845
5027 842
5028 839
5029 836
5030 836
5031 833
5032 830
5033 830
5034 827
5035 827
5036 824
5037 821
5038 818
5039 822
5040 826
5041 823
5042 820
5043 817
5044 817
5045 821
5046 818
5047 815
5048 812
5049 816
5050 814
5051 814
5052 811
5053 808
5054 805
5055 802
5056 799
5057 796
5058 793
5059 790
5060 787
5061 784
5062 784
5063 781
5064 781
5065 785
5066 785
5067 782
5068 782
5069 779
5070 776
5071 780
5072 780
5073 777
5074 775
5075 772
5076 769
5077 766
5078 764
5079 761
5080 758
5081 755
5082 752
5083 749
5084 746
5085 746
5086 743
5087 740
5088 744
5089 744
5090 741
5091 738
5092 738
5093 738
5094 742
5095 739
5096 736
5097 736
5098 733
5099 737
5100 737
5101 741
5102 738
5103 735
5104 732
5105 729
5106 726
5107 723
5108 720
5109 717
5110 714
5111 718
5112 715
5113 719
5114 716
5115 713
5116 710
5117 707
5118 704
5119 701
5120 705
5121 709
5122 706
5123 710
5124 708
5125 705
5126 702
5127 699
5128 699
5129 696
5130 700
5131 697
5132 694
5133 691
5134 688
5135 685
5136 689
5137 693
5138 693
5139 690
5140 687
5141 684
5142 688
5143 688
5144 685
5145 682
5146 686
5147 683
5148 687
5149 691
5150 688
5151 685
5152 682
5153 682
5154 679
5155 676
5156 674
5157 671
5158 668
5159 665
5160 662
5161 659
5162 656
5163 653
5164 650
5165 647
5166 647
5167 651
5168 648
5169 645
5170 642
5171 642
5172 639
5173 636
5174 640
5175 637
5176 637
5177 634
5178 631
5179 628
5180 625
5181 625
5182 622
5183 619
5184 619
5185 616
5186 620
5187 617
5188 617
5189 617
5190 621
5191 618
5192 615
5193 612
5194 609
5195 609
5196 606
5197 606
5198 606
5199 604
5200 601
5201 598
5202 598
5203 595
5204 592
5205 589
5206 593
5207 590
5208 590
5209 587
5210 591
5211 591
5212 595
5213 592
5214 592
5215 596
5216 593
5217 597
5218 601
5219 605
5220 605
5221 602
5222 599
5223 599
5224 596
5225 600
5226 597
5227 597
5228 594
5229 591
5230 588
5231 585
5232 582
5233 579
5234 577
5235 574
5236 574
5237 578
5238 582
5239 586
5240 590
5241 587
5242 584
5243 581
5244 578
5245 582
5246 579
5247 579
5248 576
5249 573
5250 573
5251 570
5252 567
5253 564
5254 568
5255 572
5256 569
5257 573
5258 573
5259 573
5260 577
5261 574
5262 578
5263 582
5264 579
5265 579
5266 583
5267 580
5268 577
5269 581
5270 578
5271 582
5272 579
5273 576
5274 576
5275 573
5276 577
5277 577
5278 574
5279 574
5280 578
5281 575
5282 572
5283 569
5284 566
5285 563
5286 563
5287 560
5288 557
5289 554
5290 558
5291 555
5292 552
5293 552
5294 549
5295 546
5296 546
5297 550
5298 548
5299 552
5300 549
5301 546
5302 550
5303 547
5304 544
5305 541
5306 545
5307 543
5308 540
5309 540
5310 537
5311 534
5312 531
5313 528
5314 525
5315 529
5316 533
5317 530
5318 534
5319 636
5320 633
5321 630
5322 630
5323 627
5324 624
5325 621
5326 618
5327 615
5328 612
5329 609
5330 609
5331 606
5332 603
5333 600
5334 597
5335 597
5336 597
5337 594
5338 591
5339 589
5340 586
5341 586
5342 590
5343 587
5344 584
5345 588
5346 588
5347 585
5348 582
5349 579
5350 579
5351 576
5352 576
5353 573
5354 573
5355 570
5356 567
5357 564
5358 561
5359 558
5360 555
5361 552
5362 549
5363 546
5364 543
5365 547
5366 544
5367 541
5368 538
5369 538
5370 535
5371 539
5372 536
5373 533
5374 533
5375 530
5376 527
5377 531
5378 528
5379 525
5380 529
5381 526
5382 523
5383 527
5384 527
5385 524
5386 521
5387 518
5388 515
5389 519
5390 516
5391 513
5392 510
5393 514
5394 511
5395 508
5396 505
5397 502
5398 506
5399 503
5400 500
5401 497
5402 501
5403 498
5404 495
5405 492
5406 489
5407 486
5408 483
5409 480
5410 477
5411 481
5412 485
5413 482
5414 479
5415 476
5416 473
5417 470
5418 467
5419 465
5420 462
5421 459
5422 456
5423 453
5424 450
5425 447
5426 444
5427 441
5428 438
5429 435
5430 432
5431 429
5432 426
5433 430
5434 427
5435 424
5436 428
5437 425
5438 429
5439 426
5440 423
5441 420
5442 420
5443 417
5444 414
5445 411
5446 411
5447 408
5448 415
5449 415
5450 412
5451 409
5452 406
5453 403
5454 400
5455 400
5456 397
5457 397
5458 394
5459 398
5460 395
5461 392
5462 392
5463 396
5464 394
5465 392
5466 389
5467 386
5468 390
5469 491
5470 488
5471 485
5472 485
5473 482
5474 479
5475 476
5476 473
5477 470
5478 467
5479 467
5480 467
5481 464
5482 461
5483 465
5484 469
5485 473
5486 470
5487 474
5488 478
5489 478
5490 475
5491 479
5492 483
5493 487
5494 484
5495 481
5496 478
5497 482
5498 479
5499 476
5500 473
5501 470
5502 474
5503 478
5504 475
5505 472
5506 469
5507 466
5508 463
5509 460
5510 457
5511 454
5512 451
5513 449
5514 447
5515 444
5516 444
5517 441
5518 438
5519 435
5520 432
5521 429
5522 429
5523 426
5524 423
5525 420
5526 420
5527 417
5528 421
5529 425
5530 429
5531 433
5532 431
5533 428
5534 425
5535 422
5536 426
5537 426
5538 423
5539 420
5540 417
5541 414
5542 411
5543 408
5544 405
5545 402
5546 400
5547 397
5548 394
5549 391
5550 391
5551 388
5552 385
5553 389
5554 386
5555 383
5556 380
5557 377
5558 374
5559 371
5560 375
5561 372
5562 372
5563 372
5564 369
5565 369
5566 366
5567 363
5568 363
5569 360
5570 358
5571 355
5572 355
5573 352
5574 349
5575 346
5576 343
5577 340
5578 337
5579 334
5580 331
5581 328
5582 326
5583 323
5584 320
5585 320
5586 324
5587 328
5588 325
5589 322
5590 319
5591 316
5592 313
5593 310
5594 307
5595 307
5596 304
5597 301
5598 305
5599 302
5600 302
5601 302
5602 306
5603 304
5604 301
5605 298
5606 302
5607 299
5608 296
5609 296
5610 300
5611 297
5612 295
5613 299
5614 296
5615 293
5616 293
5617 290
5618 287
5619 284
5620 284
5621 281
5622 285
5623 283
5624 281
5625 278
5626 275
5627 272
5628 269
5629 266
5630 266
5631 266
5632 263
5633 260
5634 257
5635 254
5636 251
5637 561
5638 558
5639 555
5640 552
5641 549
5642 546
5643 543
5644 540
5645 537
5646 541
5647 539
5648 536
5649 533
5650 530
5651 527
5652 531
5653 528
5654 532
5655 536
5656 540
5657 544
5658 541
5659 538
5660 538
5661 535
5662 532
5663 536
5664 533
5665 537
5666 534
5667 538
5668 535
5669 532
5670 529
5671 533
5672 530
5673 527
5674 524
5675 521
5676 525
5677 522
5678 526
5679 523
5680 523
5681 527
5682 524
5683 524
5684 521
5685 518
5686 522
5687 526
5688 523
5689 527
5690 524
5691 521
5692 525
5693 522
5694 519
5695 516
5696 520
5697 517
5698 521
5699 518
5700 515
5701 512
5702 509
5703 509
5704 509
5705 513
5706 510
5707 507
5708 504
5709 504
5710 501
5711 498
5712 495
5713 492
5714 489
5715 486
5716 483
5717 480
5718 477
5719 474
5720 471
5721 468
5722 465
5723 469
5724 466
5725 463
5726 467
5727 464
5728 461
5729 458
5730 455
5731 459
5732 456
5733 453
5734 450
5735 447
5736 451
5737 448
5738 448
5739 445
5740 449
5741 453
5742 450
5743 450
5744 447
5745 447
5746 444
5747 441
5748 438
5749 442
5750 442
5751 442
5752 446
5753 443
5754 443
5755 440
5756 444
5757 441
5758 438
5759 435
5760 432
5761 436
5762 440
5763 437
5764 437
5765 441
5766 438
5767 435
5768 432
5769 429
5770 433
5771 433
5772 430
5773 427
5774 424
5775 421
5776 418
5777 415
5778 412
5779 409
5780 409
5781 406
5782 403
5783 407
5784 411
5785 415
5786 412
5787 416
5788 413
5789 410
5790 407
5791 404
5792 401
5793 398
5794 395
5795 407
5796 404
5797 401
5798 398
5799 402
5800 399
5801 396
5802 396
5803 393
5804 390
5805 387
5806 384
5807 381
5808 379
5809 376
5810 380
5811 377
5812 374
5813 371
5814 368
5815 368
5816 368
5817 365
5818 362
5819 359
5820 356
5821 360
5822 357
5823 354
5824 351
5825 351
5826 348
5827 345
5828 342
5829 346
5830 343
5831 340
5832 337
5833 334
5834 331
5835 328
5836 332
5837 336
5838 333
5839 330
5840 327
5841 327
5842 331
5843 328
5844 325
5845 322
5846 319
5847 319
5848 316
5849 313
5850 310
5851 310
5852 307
5853 304
5854 301
5855 298
5856 302
5857 299
5858 296
5859 293
5860 290
5861 287
5862 284
5863 284
5864 284
5865 281
5866 279
5867 276
5868 280
5869 280
5870 277
5871 277
5872 274
5873 271
5874 268
5875 265
5876 262
5877 259
5878 256
5879 253
5880 250
5881 247
5882 247
5883 244
5884 241
5885 238
5886 235
5887 233
5888 233
5889 230
5890 230
5891 227
5892 224
5893 221
5894 218
5895 215
5896 212
5897 209
5898 206
5899 210
5900 207
5901 204
5902 201
5903 198
5904 195
5905 195
5906 192
5907 189
5908 186
5909 183
5910 180
5911 177
5912 177
5913 174
5914 483
5915 480
5916 477
5917 474
5918 474
5919 471
5920 468
5921 472
5922 469
5923 466
5924 463
5925 467
5926 467
5927 464
5928 461
5929 458
5930 458
5931 455
5932 452
5933 449
5934 453
5935 453
5936 457
5937 454
5938 458
5939 455
5940 452
5941 456
5942 456
5943 453
5944 450
5945 447
5946 444
5947 444
5948 441
5949 441
5950 438
5951 435
5952 432
5953 436
5954 434
5955 434
5956 431
5957 428
5958 425
5959 422
5960 426
5961 426
5962 423
5963 427
5964 424
5965 424
5966 421
5967 421
5968 419
5969 416
5970 413
5971 410
5972 414
5973 414
5974 414
5975 411
5976 408
5977 405
5978 402
5979 399
5980 396
5981 393
5982 397
5983 394
5984 391
5985 388
5986 385
5987 382
5988 379
5989 376
5990 373
5991 377
5992 374
5993 371
5994 680
5995 684
5996 681
5997 685
5998 689
5999 689
6000 687
6001 691
6002 688
6003 685
6004 682
6005 679
6006 676
6007 673
6008 677
6009 681
6010 678
6011 675
6012 672
6013 669
6014 666
6015 663
6016 660
6017 761
6018 765
6019 762
6020 766
6021 763
6022 763
6023 760
6024 760
6025 757
6026 757
6027 754
6028 751
6029 751
6030 748
6031 745
6032 749
6033 746
6034 743
6035 740
6036 744
6037 741
6038 738
6039 735
6040 733
6041 730
6042 734
6043 731
6044 735
6045 732
6046 729
6047 736
6048 733
6049 730
6050 727
6051 731
6052 728
6053 725
6054 729
6055 733
6056 730
6057 727
6058 724
6059 728
6060 725
6061 722
6062 719
6063 716
6064 713
6065 717
6066 721
6067 725
6068 722
6069 719
6070 723
6071 723
6072 720
6073 717
6074 721
6075 721
6076 721
6077 721
6078 725
6079 729
6080 733
6081 730
6082 727
6083 724
6084 721
6085 718
6086 715
6087 712
6088 712
6089 709
6090 706
6091 710
6092 710
6093 707
6094 711
6095 708
6096 705
6097 702
6098 702
6099 699
6100 696
6101 693
6102 690
6103 687
6104 684
6105 681
6106 678
6107 678
6108 675
6109 675
6110 675
6111 672
6112 669
6113 666
6114 663
6115 660
6116 660
6117 970
6118 967
6119 964
6120 961
6121 958
6122 962
6123 966
6124 966
6125 963
6126 960
6127 957
6128 955
6129 952
6130 949
6131 946
6132 943
6133 940
6134 940
6135 937
6136 934
6137 931
6138 928
6139 932
6140 929
6141 927
6142 924
6143 921
6144 921
6145 918
6146 915
6147 912
6148 909
6149 906
6150 906
6151 903
6152 900
6153 897
6154 901
6155 899
6156 896
6157 893
6158 897
6159 894
6160 894
6161 898
6162 895
6163 899
6164 896
6165 893
6166 897
6167 901
6168 898
6169 902
6170 899
6171 896
6172 896
6173 893
6174 890
6175 887
6176 887
6177 884
6178 881
6179 878
6180 875
6181 872
6182 869
6183 866
6184 870
6185 867
6186 871
6187 871
6188 868
6189 865
6190 865
6191 862
6192 859
6193 863
6194 863
6195 860
6196 860
6197 864
6198 861
6199 859
6200 856
6201 853
6202 857
6203 857
6204 854
6205 851
6206 848
6207 845
6208 842
6209 839
6210 843
6211 840
6212 837
6213 834
6214 838
6215 835
6216 832
6217 836
6218 834
6219 834
6220 831
6221 835
6222 839
6223 836
6224 840
6225 837
6226 837
6227 834
6228 834
6229 831
6230 828
6231 825
6232 822
6233 822
6234 819
6235 816
6236 814
6237 814
6238 811
6239 808
6240 805
6241 805
6242 803
6243 800
6244 800
6245 797
6246 801
6247 1110
6248 1107
6249 1104
6250 1101
6251 1099
6252 1096
6253 1093
6254 1097
6255 1094
6256 1091
6257 1088
6258 1092
6259 1089
6260 1089
6261 1089
6262 1086
6263 1083
6264 1087
6265 1091
6266 1088
6267 1189
6268 1187
6269 1184
6270 1181
6271 1178
6272 1175
6273 1179
6274 1176
6275 1173
6276 1170
6277 1170
6278 1167
6279 1167
6280 1171
6281 1168
6282 1172
6283 1169
6284 1173
6285 1170
6286 1170
6287 1167
6288 1164
6289 1161
6290 1158
6291 1155
6292 1152
6293 1149
6294 1146
6295 1143
6296 1140
6297 1137
6298 1134
6299 1131
6300 1128
6301 1125
6302 1122
6303 1119
6304 1116
6305 1120
6306 1117
6307 1121
6308 1118
6309 1427
6310 1424
6311 1421
6312 1421
6313 1421
6314 1421
6315 1418
6316 1415
6317 1412
6318 1416
6319 1413
6320 1413
6321 1410
6322 1407
6323 1407
6324 1404
6325 1401
6326 1398
6327 1402
6328 1399
6329 1397
6330 1394
6331 1391
6332 1395
6333 1395
6334 1392
6335 1396
6336 1393
6337 1390
6338 1387
6339 1391
6340 1388
6341 1385
6342 1382
6343 1379
6344 1376
6345 1373
6346 1370
6347 1367
6348 1364
6349 1361
6350 1358
6351 1362
6352 1359
6353 1356
6354 1354
6355 1358
6356 1355
6357 1352
6358 1356
6359 1360
6360 1357
6361 1357
6362 1354
6363 1351
6364 1348
6365 1345
6366 1342
6367 1339
6368 1336
6369 1333
6370 1331
6371 1328
6372 1325
6373 1322
6374 1322
6375 1319
6376 1323
6377 1320
6378 1324
6379 1321
6380 1318
6381 1315
6382 1312
6383 1316
6384 1320
6385 1317
6386 1314
6387 1311
6388 1308
6389 1308
6390 1305
6391 1302
6392 1299
6393 1296
6394 1293
6395 1290
6396 1287
6397 1291
6398 1295
6399 1299
6400 1303
6401 1303
6402 1307
6403 1304
6404 1308
6405 1306
6406 1303
6407 1300
6408 1297
6409 1294
6410 1294
6411 1291
6412 1288
6413 1285
6414 1282
6415 1279
6416 1276
6417 1273
6418 1270
6419 1267
6420 1264
6421 1261
6422 1258
6423 1262
6424 1260
6425 1260
6426 1257
6427 1254
6428 1251
6429 1248
6430 1252
6431 1249
6432 1253
6433 1250
6434 1247
6435 1348
6436 1348
6437 1348
6438 1352
6439 1349
6440 1353
6441 1350
6442 1354
6443 1358
6444 1355
6445 1359
6446 1356
6447 1356
6448 1356
6449 1356
6450 1353
6451 1350
6452 1347
6453 1344
6454 1341
6455 1341
6456 1338
6457 1335
6458 1332
6459 1329
6460 1326
6461 1323
6462 1327
6463 1324
6464 1321
6465 1318
6466 1315
6467 1312
6468 1312
6469 1309
6470 1306
6471 1303
6472 1300
6473 1300
6474 1298
6475 1295
6476 1292
6477 1289
6478 1286
6479 1283
6480 1287
6481 1284
6482 1288
6483 1285
6484 1282
6485 1286
6486 1286
6487 1290
6488 1287
6489 1284
6490 1281
6491 1278
6492 1275
6493 1272
6494 1270
6495 1267
6496 1264
6497 1261
6498 1265
6499 1262
6500 1259
6501 1259
6502 1256
6503 1253
6504 1354
6505 1351
6506 1348
6507 1345
6508 1342
6509 1339
6510 1336
6511 1343
6512 1340
6513 1337
6514 1341
6515 1345
6516 1342
6517 1339
6518 1336
6519 1333
6520 1337
6521 1334
6522 1334
6523 1331
6524 1328
6525 1325
6526 1325
6527 1322
6528 1319
6529 1316
6530 1313
6531 1310
6532 1307
6533 1304
6534 1301
6535 1298
6536 1302
6537 1299
6538 1296
6539 1293
6540 1290
6541 1287
6542 1284
6543 1281
6544 1285
6545 1289
6546 1286
6547 1283
6548 1280
6549 1278
6550 1275
6551 1272
6552 1269
6553 1273
6554 1270
6555 1267
6556 1264
6557 1261
6558 1258
6559 1258
6560 1255
6561 1252
6562 1249
6563 1246
6564 1250
6565 1254
6566 1251
6567 1248
6568 1245
6569 1242
6570 1246
6571 1250
6572 1247
6573 1244
6574 1241
6575 1241
6576 1245
6577 1242
6578 1240
6579 1240
6580 1240
6581 1237
6582 1234
6583 1231
6584 1228
6585 1225
6586 1229
6587 1226
6588 1223
6589 1223
6590 1220
6591 1217
6592 1214
6593 1211
6594 1211
6595 1215
6596 1212
6597 1209
6598 1206
6599 1203
6600 1200
6601 1197
6602 1201
6603 1198
6604 1195
6605 1195
6606 1192
6607 1189
6608 1186
6609 1190
6610 1187
6611 1191
6612 1191
6613 1188
6614 1185
6615 1185
6616 1182
6617 1182
6618 1179
6619 1176
6620 1174
6621 1171
6622 1168
6623 1168
6624 1165
6625 1169
6626 1169
6627 1169
6628 1169
6629 1173
6630 1170
6631 1167
6632 1164
6633 1473
6634 1470
6635 1470
6636 1467
6637 1464
6638 1461
6639 1458
6640 1455
6641 1459
6642 1463
6643 1460
6644 1457
6645 1457
6646 1461
6647 1465
6648 1462
6649 1459
6650 1459
6651 1456
6652 1453
6653 1450
6654 1454
6655 1454
6656 1451
6657 1448
6658 1445
6659 1452
6660 1449
6661 1446
6662 1443
6663 1443
6664 1447
6665 1444
6666 1444
6667 1441
6668 1438
6669 1435
6670 1432
6671 1444
6672 1444
6673 1441
6674 1445
6675 1442
6676 1442
6677 1442
6678 1439
6679 1443
6680 1440
6681 1437
6682 1434
6683 1431
6684 1428
6685 1425
6686 1422
6687 1419
6688 1416
6689 1420
6690 1417
6691 1414
6692 1411
6693 1408
6694 1406
6695 1410
6696 1407
6697 1404
6698 1401
6699 1398
6700 1395
6701 1392
6702 1389
6703 1386
6704 1390
6705 1387
6706 1385
6707 1382
6708 1379
6709 1379
6710 1383
6711 1387
6712 1384
6713 1381
6714 1385
6715 1389
6716 1386
6717 1383
6718 1380
6719 1377
6720 1374
6721 1475
6722 1472
6723 1469
6724 1469
6725 1469
6726 1466
6727 1463
6728 1460
6729 1457
6730 1457
6731 1455
6732 1452
6733 1449
6734 1446
6735 1443
6736 1440
6737 1437
6738 1434
6739 1431
6740 1428
6741 1425
6742 1422
6743 1419
6744 1423
6745 1420
6746 1420
6747 1417
6748 1414
6749 1411
6750 1408
6751 1405
6752 1409
6753 1406
6754 1403
6755 1400
6756 1397
6757 1394
6758 1398
6759 1395
6760 1392
6761 1396
6762 1400
6763 1397
6764 1394
6765 1391
6766 1388
6767 1388
6768 1388
6769 1392
6770 1389
6771 1386
6772 1386
6773 1390
6774 1390
6775 1394
6776 1394
6777 1391
6778 1388
6779 1385
6780 1382
6781 1379
6782 1376
6783 1373
6784 1370
6785 1370
6786 1367
6787 1364
6788 1361
6789 1358
6790 1355
6791 1352
6792 1356
6793 1353
6794 1350
6795 1347
6796 1351
6797 1348
6798 1345
6799 1342
6800 1342
6801 1339
6802 1336
6803 1333
6804 1330
6805 1327
6806 1324
6807 1321
6808 1318
6809 1322
6810 1319
6811 1316
6812 1316
6813 1320
6814 1317
6815 1314
6816 1318
6817 1420
6818 1424
6819 1421
6820 1421
6821 1418
6822 1416
6823 1420
6824 1417
6825 1414
6826 1411
6827 1415
6828 1412
6829 1409
6830 1406
6831 1410
6832 1410
6833 1407
6834 1404
6835 1408
6836 1405
6837 1417
6838 1414
6839 1418
6840 1422
6841 1426
6842 1424
6843 1421
6844 1421
6845 1418
6846 1415
6847 1412
6848 1409
6849 1406
6850 1406
6851 1403
6852 1400
6853 1397
6854 1394
6855 1394
6856 1391
6857 1388
6858 1385
6859 1383
6860 1383
6861 1380
6862 1377
6863 1374
6864 1378
6865 1375
6866 1379
6867 1383
6868 1383
6869 1383
6870 1387
6871 1384
6872 1381
6873 1379
6874 1376
6875 1373
6876 1370
6877 1367
6878 1364
6879 1361
6880 1358
6881 1362
6882 1360
6883 1357
6884 1357
6885 1361
6886 1361
6887 1361
6888 1365
6889 1369
6890 1369
6891 1366
6892 1363
6893 1367
6894 1367
6895 1364
6896 1361
6897 1358
6898 1355
6899 1352
6900 1349
6901 1346
6902 1343
6903 1340
6904 1337
6905 1334
6906 1338
6907 1335
6908 1332
6909 1329
6910 1333
6911 1337
6912 1334
6913 1331
6914 1328
6915 1325
6916 1426
6917 1423
6918 1423
6919 1420
6920 1417
6921 1421
6922 1418
6923 1415
6924 1415
6925 1412
6926 1409
6927 1406
6928 1403
6929 1400
6930 1397
6931 1394
6932 1391
6933 1388
6934 1385
6935 1382
6936 1379
6937 1383
6938 1380
6939 1377
6940 1375
6941 1372
6942 1369
6943 1366
6944 1366
6945 1363
6946 1367
6947 1364
6948 1361
6949 1358
6950 1355
6951 1352
6952 1349
6953 1346
6954 1350
6955 1347
6956 1344
6957 1341
6958 1345
6959 1345
6960 1342
6961 1339
6962 1336
6963 1336
6964 1333
6965 1333
6966 1330
6967 1330
6968 1334
6969 1331
6970 1328
6971 1332
6972 1332
6973 1336
6974 1333
6975 1330
6976 1327
6977 1331
6978 1335
6979 1339
6980 1346
6981 1343
6982 1340
6983 1344
6984 1341
6985 1341
6986 1338
6987 1335
6988 1332
6989 1329
6990 1326
6991 1323
6992 1320
6993 1324
6994 1321
6995 1325
6996 1322
6997 1319
6998 1316
6999 1313
7000 1317
7001 1317
7002 1314
7003 1311
7004 1308
7005 1306
7006 1303
7007 1307
7008 1304
7009 1308
7010 1305
7011 1305
7012 1302
7013 1299
7014 1296
7015 1296
7016 1293
7017 1293
7018 1290
7019 1287
7020 1291
7021 1288
7022 1285
7023 1289
7024 1286
7025 1286
7026 1286
7027 1283
7028 1280
7029 1284
7030 1281
7031 1285
7032 1289
7033 1286
7034 1283
7035 1280
7036 1284
7037 1281
7038 1285
7039 1282
7040 1279
7041 1276
7042 1273
7043 1273
7044 1277
7045 1277
7046 1274
7047 1271
7048 1268
7049 1265
7050 1262
7051 1262
7052 1259
7053 1256
7054 1253
7055 1250
7056 1254
7057 1251
7058 1248
7059 1252
7060 1256
7061 1260
7062 1257
7063 1254
7064 1251
7065 1248
7066 1245
7067 1242
7068 1239
7069 1236
7070 1233
7071 1230
7072 1227
7073 1224
7074 1224
7075 1221
7076 1225
7077 1229
7078 1226
7079 1226
7080 1223
7081 1220
7082 1217
7083 1214
7084 1211
7085 1208
7086 1208
7087 1212
7088 1209
7089 1206
7090 1203
7091 1200
7092 1197
7093 1201
7094 1205
7095 1209
7096 1206
7097 1203
7098 1200
7099 1200
7100 1197
7101 1194
7102 1194
7103 1191
7104 1188
7105 1188
7106 1185
7107 1182
7108 1179
7109 1176
7110 1173
7111 1170
7112 1167
7113 1164
7114 1161
7115 1161
7116 1158
7117 1155
7118 1152
7119 1149
7120 1146
7121 1143
7122 1140
7123 1144
7124 1144
7125 1144
7126 1141
7127 1138
7128 1135
7129 1133
7130 1130
7131 1127
7132 1124
7133 1121
7134 1118
7135 1115
7136 1112
7137 1109
7138 1106
7139 1103
7140 1100
7141 1097
7142 1101
7143 1098
7144 1095
7145 1095
7146 1092
7147 1096
7148 1093
7149 1093
7150 1097
7151 1094
7152 1098
7153 1095
7154 1099
7155 1103
7156 1100
7157 1097
7158 1094
7159 1094
7160 1091
7161 1088
7162 1088
7163 1085
7164 1089
7165 1086
7166 1083
7167 1080
7168 1080
7169 1077
7170 1081
7171 1081
7172 1081
7173 1081
7174 1078
7175 1075
7176 1075
7177 1072
7178 1069
7179 1069
7180 1066
7181 1063
7182 1067
7183 1064
7184 1062
7185 1059
7186 1056
7187 1054
7188 1058
7189 1055
7190 1364
7191 1361
7192 1358
7193 1358
7194 1355
7195 1352
7196 1350
7197 1354
7198 1351
7199 1351
7200 1355
7201 1352
7202 1349
7203 1346
7204 1343
7205 1340
7206 1337
7207 1334
7208 1331
7209 1328
7210 1325
7211 1322
7212 1322
7213 1319
7214 1316
7215 1320
7216 1317
7217 1314
7218 1311
7219 1308
7220 1305
7221 1302
7222 1299
7223 1296
7224 1294
7225 1291
7226 1288
7227 1285
7228 1282
7229 1286
7230 1286
7231 1283
7232 1280
7233 1278
7234 1275
7235 1272
7236 1276
7237 1273
7238 1270
7239 1274
7240 1271
7241 1268
7242 1272
7243 1269
7244 1266
7245 1270
7246 1267
7247 1271
7248 1268
7249 1265
7250 1262
7251 1259
7252 1263
7253 1267
7254 1271
7255 1271
7256 1268
7257 1272
7258 1269
7259 1267
7260 1576
7261 1573
7262 1570
7263 1567
7264 1564
7265 1568
7266 1565
7267 1562
7268 1559
7269 1563
7270 1560
7271 1557
7272 1554
7273 1554
7274 1551
7275 1555
7276 1559
7277 1556
7278 1560
7279 1560
7280 1557
7281 1561
7282 1559
7283 1556
7284 1560
7285 1557
7286 1554
7287 1551
7288 1548
7289 1545
7290 1545
7291 1549
7292 1549
7293 1546
7294 1544
7295 1544
7296 1544
7297 1548
7298 1548
7299 1545
7300 1549
7301 1546
7302 1543
7303 1540
7304 1537
7305 1534
7306 1531
7307 1535
7308 1532
7309 1529
7310 1526
7311 1526
7312 1523
7313 1520
7314 1517
7315 1514
7316 1514
7317 1511
7318 1508
7319 1505
7320 1502
7321 1499
7322 1496
7323 1493
7324 1497
7325 1494
7326 1494
7327 1491
7328 1488
7329 1485
7330 1482
7331 1486
7332 1486
7333 1483
7334 1487
7335 1487
7336 1484
7337 1488
7338 1485
7339 1482
7340 1479
7341 1476
7342 1480
7343 1477
7344 1481
7345 1478
7346 1482
7347 1479
7348 1476
7349 1473
7350 1470
7351 1467
7352 1464
7353 1461
7354 1465
7355 1465
7356 1465
7357 1465
7358 1465
7359 1462
7360 1459
7361 1459
7362 1456
7363 1460
7364 1457
7365 1454
7366 1454
7367 1451
7368 1448
7369 1452
7370 1452
7371 1452
7372 1449
7373 1449
7374 1446
7375 1443
7376 1443
7377 1440
7378 1437
7379 1434
7380 1431
7381 1428
7382 1425
7383 1422
7384 1422
7385 1419
7386 1423
7387 1423
7388 1420
7389 1420
7390 1420
7391 1417
7392 1414
7393 1418
7394 1415
7395 1412
7396 1412
7397 1409
7398 1409
7399 1409
7400 1406
7401 1403
7402 1400
7403 1397
7404 1394
7405 1398
7406 1402
7407 1399
7408 1396
7409 1393
7410 1390
7411 1387
7412 1384
7413 1381
7414 1378
7415 1375
7416 1372
7417 1369
7418 1366
7419 1468
7420 1468
7421 1472
7422 1469
7423 1466
7424 1470
7425 1467
7426 1464
7427 1461
7428 1458
7429 1455
7430 1452
7431 1449
7432 1453
7433 1453
7434 1457
7435 1457
7436 1454
7437 1451
7438 1448
7439 1452
7440 1449
7441 1446
7442 1443
7443 1440
7444 1437
7445 1437
7446 1434
7447 1431
7448 1428
7449 1425
7450 1422
7451 1426
7452 1426
7453 1424
7454 1421
7455 1418
7456 1415
7457 1412
7458 1409
7459 1413
7460 1417
7461 1421
7462 1418
7463 1415
7464 1412
7465 1409
7466 1406
7467 1403
7468 1400
7469 1397
7470 1394
7471 1391
7472 1391
7473 1395
7474 1392
7475 1396
7476 1396
7477 1393
7478 1390
7479 1394
7480 1394
7481 1391
7482 1388
7483 1392
7484 1389
7485 1386
7486 1383
7487 1380
7488 1384
7489 1388
7490 1392
7491 1392
7492 1389
7493 1386
7494 1383
7495 1380
7496 1377
7497 1374
7498 1374
7499 1371
7500 1368
7501 1365
7502 1362
7503 1362
7504 1362
7505 1362
7506 1359
7507 1359
7508 1363
7509 1360
7510 1364
7511 1361
7512 1358
7513 1362
7514 1362
7515 1362
7516 1359
7517 1359
7518 1357
7519 1354
7520 1351
7521 1351
7522 1348
7523 1348
7524 1348
7525 1345
7526 1345
7527 1345
7528 1342
7529 1346
7530 1343
7531 1340
7532 1337
7533 1439
7534 1439
7535 1439
7536 1439
7537 1436
7538 1433
7539 1437
7540 1434
7541 1438
7542 1435
7543 1432
7544 1429
7545 1426
7546 1426
7547 1423
7548 1420
7549 1417
7550 1417
7551 1417
7552 1414
7553 1411
7554 1408
7555 1408
7556 1408
7557 1405
7558 1402
7559 1406
7560 1403
7561 1407
7562 1404
7563 1408
7564 1405
7565 1409
7566 1406
7567 1403
7568 1400
7569 1404
7570 1401
7571 1398
7572 1402
7573 1399
7574 1399
7575 1396
7576 1393
7577 1390
7578 1387
7579 1384
7580 1381
7581 1381
7582 1378
7583 1378
7584 1375
7585 1372
7586 1372
7587 1369
7588 1366
7589 1363
7590 1360
7591 1357
7592 1354
7593 1351
7594 1348
7595 1345
7596 1349
7597 1353
7598 1357
7599 1354
7600 1351
7601 1348
7602 1345
7603 1342
7604 1346
7605 1343
7606 1340
7607 1337
7608 1341
7609 1338
7610 1335
7611 1335
7612 1332
7613 1329
7614 1329
7615 1326
7616 1323
7617 1320
7618 1320
7619 1317
7620 1314
7621 1311
7622 1311
7623 1315
7624 1312
7625 1309
7626 1313
7627 1317
7628 1314
7629 1311
7630 1308
7631 1305
7632 1309
7633 1306
7634 1310
7635 1307
7636 1304
7637 1301
7638 1298
7639 1295
7640 1295
7641 1292
7642 1289
7643 1286
7644 1283
7645 1280
7646 1277
7647 1281
7648 1278
7649 1278
7650 1275
7651 1272
7652 1269
7653 1273
7654 1270
7655 1267
7656 1264
7657 1261
7658 1258
7659 1258
7660 1255
7661 1252
7662 1250
7663 1247
7664 1244
7665 1241
7666 1238
7667 1235
7668 1235
7669 1232
7670 1229
7671 1229
7672 1226
7673 1223
7674 1220
7675 1217
7676 1214
7677 1214
7678 1211
7679 1215
7680 1219
7681 1216
7682 1213
7683 1217
7684 1214
7685 1211
7686 1208
7687 1205
7688 1209
7689 1206
7690 1203
7691 1203
7692 1200
7693 1197
7694 1194
7695 1191
7696 1188
7697 1188
7698 1185
7699 1182
7700 1179
7701 1183
7702 1187
7703 1184
7704 1184
7705 1184
7706 1181
7707 1185
7708 1182
7709 1180
7710 1177
7711 1181
7712 1178
7713 1176
7714 1173
7715 1170
7716 1167
7717 1164
7718 1164
7719 1161
7720 1158
7721 1155
7722 1152
7723 1149
7724 1146
7725 1150
7726 1147
7727 1144
7728 1141
7729 1138
7730 1138
7731 1135
7732 1132
7733 1129
7734 1126
7735 1123
7736 1121
7737 1118
7738 1427
7739 1424
7740 1421
7741 1418
7742 1415
7743 1412
7744 1409
7745 1409
7746 1409
7747 1406
7748 1403
7749 1403
7750 1407
7751 1404
7752 1401
7753 1398
7754 1395
7755 1392
7756 1702
7757 1702
7758 1706
7759 1706
7760 1703
7761 1707
7762 1707
7763 1704
7764 1701
7765 1698
7766 1695
7767 1702
7768 1699
7769 1696
7770 1693
7771 1697
7772 1694
7773 1691
7774 1688
7775 1685
7776 1682
7777 1679
7778 1676
7779 1680
7780 1677
7781 1674
7782 1678
7783 1675
7784 1675
7785 1673
7786 1670
7787 1667
7788 1664
7789 1661
7790 1658
7791 1655
7792 1652
7793 1656
7794 1653
7795 1650
7796 1647
7797 1644
7798 1642
7799 1639
7800 1636
7801 1633
7802 1630
7803 1627
7804 1627
7805 1624
7806 1628
7807 1632
7808 1629
7809 1626
7810 1623
7811 1621
7812 1625
7813 1622
7814 1619
7815 1616
7816 1613
7817 1610
7818 1607
7819 1607
7820 1604
7821 1604
7822 1604
7823 1608
7824 1605
7825 1602
7826 1599
7827 1596
7828 1596
7829 1593
7830 1593
7831 1590
7832 1590
7833 1587
7834 1587
7835 1584
7836 1588
7837 1588
7838 1586
7839 1583
7840 1580
7841 1577
7842 1581
7843 1585
7844 1582
7845 1579
7846 1579
7847 1576
7848 1573
7849 1570
7850 1567
7851 1571
7852 1568
7853 1565
7854 1562
7855 1559
7856 1556
7857 1553
7858 1553
7859 1557
7860 1554
7861 1551
7862 1548
7863 1548
7864 1545
7865 1542
7866 1542
7867 1546
7868 1543
7869 1540
7870 1537
7871 1534
7872 1534
7873 1534
7874 1531
7875 1528
7876 1528
7877 1525
7878 1522
7879 1519
7880 1516
7881 1520
7882 1517
7883 1514
7884 1511
7885 1515
7886 1513
7887 1517
7888 1514
7889 1511
7890 1508
7891 1505
7892 1505
7893 1502
7894 1499
7895 1499
7896 1496
7897 1493
7898 1490
7899 1490
7900 1487
7901 1484
7902 1481
7903 1485
7904 1482
7905 1479
7906 1476
7907 1480
7908 1477
7909 1474
7910 1471
7911 1468
7912 1777
7913 1774
7914 1771
7915 1768
7916 1765
7917 1769
7918 1766
7919 1763
7920 1760
7921 1757
7922 1754
7923 1751
7924 1748
7925 1745
7926 1742
7927 1739
7928 1739
7929 1736
7930 1734
7931 1731
7932 1735
7933 1732
7934 1729
7935 1726
7936 1723
7937 1720
7938 1717
7939 1717
7940 1714
7941 1718
7942 1718
7943 1715
7944 1712
7945 1709
7946 1706
7947 1706
7948 1703
7949 1700
7950 1697
7951 1694
7952 1691
7953 1691
7954 1688
7955 1692
7956 1689
7957 1686
7958 1683
7959 1680
7960 1677
7961 1674
7962 1678
7963 1675
7964 1679
7965 1679
7966 1676
7967 1673
7968 1673
7969 1670
7970 1674
7971 1671
7972 1668
7973 1665
7974 1663
7975 1663
7976 1667
7977 1665
7978 1665
7979 1665
7980 1665
7981 1669
7982 1673
7983 1670
7984 1667
7985 1671
7986 1668
7987 1665
7988 1662
7989 1659
7990 1656
7991 1660
7992 1657
7993 1654
7994 1658
7995 1655
7996 1659
7997 1663
7998 1660
7999 1657
8000 1654
8001 1652
8002 1649
8003 1646
8004 1643
8005 1640
8006 1637
8007 1634
8008 1631
8009 1628
8010 1628
8011 1625
8012 1625
8013 1622
8014 1619
8015 1616
8016 1613
8017 1610
8018 1607
8019 1604
8020 1604
8021 1601
8022 1598
8023 1598
8024 1595
8025 1592
8026 1592
8027 1589
8028 1593
8029 1597
8030 1609
8031 1609
8032 1606
8033 1603
8034 1600
8035 1597
8036 1594
8037 1591
8038 1595
8039 1595
8040 1592
8041 1592
8042 1589
8043 1586
8044 1586
8045 1586
8046 1590
8047 1587
8048 1587
8049 1584
8050 1581
8051 1578
8052 1575
8053 1572
8054 1569
8055 1566
8056 1563
8057 1567
8058 1564
8059 1561
8060 1561
8061 1558
8062 1555
8063 1552
8064 1549
8065 1546
8066 1543
8067 1540
8068 1544
8069 1544
8070 1548
8071 1545
8072 1545
8073 1549
8074 1546
8075 1543
8076 1543
8077 1543
8078 1540
8079 1544
8080 1548
8081 1548
8082 1545
8083 1542
8084 1539
8085 1536
8086 1533
8087 1530
8088 1527
8089 1524
8090 1528
8091 1525
8092 1522
8093 1522
8094 1519
8095 1519
8096 1523
8097 1520
8098 1517
8099 1514
8100 1511
8101 1515
8102 1512
8103 1509
8104 1506
8105 1506
8106 1510
8107 1507
8108 1504
8109 1508
8110 1505
8111 1502
8112 1506
8113 1504
8114 1502
8115 1499
8116 1503
8117 1500
8118 1497
8119 1494
8120 1491
8121 1488
8122 1485
8123 1489
8124 1486
8125 1483
8126 1483
8127 1483
8128 1495
8129 1492
8130 1489
8131 1486
8132 1483
8133 1480
8134 1477
8135 1474
8136 1478
8137 1475
8138 1472
8139 1469
8140 1469
8141 1473
8142 1470
8143 1467
8144 1464
8145 1461
8146 1465
8147 1462
8148 1459
8149 1456
8150 1453
8151 1450
8152 1447
8153 1444
8154 1442
8155 1439
8156 1436
8157 1433
8158 1430
8159 1427
8160 1424
8161 1422
8162 1419
8163 1423
8164 1427
8165 1424
8166 1421
8167 1421
8168 1418
8169 1418
8170 1415
8171 1415
8172 1415
8173 1412
8174 1416
8175 1413
8176 1410
8177 1407
8178 1404
8179 1401
8180 1398
8181 1402
8182 1399
8183 1399
8184 1403
8185 1407
8186 1407
8187 1411
8188 1408
8189 1405
8190 1402
8191 1399
8192 1399
8193 1396
8194 1393
8195 1390
8196 1394
8197 1391
8198 1388
8199 1392
8200 1389
8201 1386
8202 1386
8203 1383
8204 1380
8205 1380
8206 1377
8207 1374
8208 1378
8209 1375
8210 1375
8211 1372
8212 1369
8213 1366
8214 1363
8215 1360
8216 1364
8217 1361
8218 1358
8219 1355
8220 1352
8221 1349
8222 1353
8223 1357
8224 1354
8225 1351
8226 1348
8227 1352
8228 1349
8229 1353
8230 1350
8231 1347
8232 1344
8233 1341
8234 1338
8235 1335
8236 1332
8237 1336
8238 1333
8239 1330
8240 1330
8241 1327
8242 1324
8243 1321
8244 1318
8245 1315
8246 1312
8247 1309
8248 1306
8249 1310
8250 1307
8251 1304
8252 1301
8253 1301
8254 1298
8255 1295
8256 1292
8257 1289
8258 1293
8259 1290
8260 1287
8261 1291
8262 1291
8263 1288
8264 1285
8265 1282
8266 1282
8267 1279
8268 1279
8269 1276
8270 1274
8271 1271
8272 1268
8273 1265
8274 1262
8275 1259
8276 1256
8277 1253
8278 1253
8279 1250
8280 1254
8281 1251
8282 1251
8283 1255
8284 1252
8285 1249
8286 1246
8287 1243
8288 1255
8289 1252
8290 1256
8291 1253
8292 1250
8293 1250
8294 1254
8295 1251
8296 1248
8297 1245
8298 1242
8299 1239
8300 1243
8301 1240
8302 1237
8303 1234
8304 1238
8305 1235
8306 1239
8307 1243
8308 1247
8309 1244
8310 1244
8311 1241
8312 1238
8313 1242
8314 1239
8315 1236
8316 1240
8317 1237
8318 1234
8319 1238
8320 1235
8321 1232
8322 1229
8323 1226
8324 1226
8325 1223
8326 1220
8327 1217
8328 1217
8329 1214
8330 1211
8331 1208
8332 1205
8333 1202
8334 1202
8335 1199
8336 1196
8337 1193
8338 1193
8339 1190
8340 1187
8341 1184
8342 1181
8343 1178
8344 1175
8345 1172
8346 1169
8347 1166
8348 1163
8349 1167
8350 1164
8351 1161
8352 1165
8353 1169
8354 1173
8355 1170
8356 1167
8357 1164
8358 1161
8359 1158
8360 1158
8361 1155
8362 1152
8363 1149
8364 1146
8365 1143
8366 1141
8367 1145
8368 1143
8369 1140
8370 1137
8371 1137
8372 1134
8373 1131
8374 1128
8375 1125
8376 1122
8377 1119
8378 1116
8379 1113
8380 1110
8381 1107
8382 1111
8383 1108
8384 1105
8385 1102
8386 1099
8387 1099
8388 1096
8389 1093
8390 1090
8391 1090
8392 1094
8393 1091
8394 1095
8395 1092
8396 1089
8397 1086
8398 1086
8399 1090
8400 1087
8401 1091
8402 1088
8403 1088
8404 1092
8405 1089
8406 1086
8407 1083
8408 1080
8409 1077
8410 1074
8411 1175
8412 1172
8413 1169
8414 1169
8415 1173
8416 1177
8417 1174
8418 1178
8419 1182
8420 1179
8421 1183
8422 1187
8423 1191
8424 1188
8425 1188
8426 1192
8427 1196
8428 1193
8429 1190
8430 1190
8431 1187
8432 1184
8433 1181
8434 1178
8435 1178
8436 1175
8437 1172
8438 1172
8439 1169
8440 1166
8441 1163
8442 1160
8443 1157
8444 1154
8445 1151
8446 1148
8447 1145
8448 1142
8449 1142
8450 1139
8451 1136
8452 1136
8453 1133
8454 1130
8455 1130
8456 1130
8457 1127
8458 1131
8459 1131
8460 1128
8461 1125
8462 1122
8463 1119
8464 1116
8465 1120
8466 1117
8467 1121
8468 1118
8469 1115
8470 1119
8471 1116
8472 1113
8473 1110
8474 1107
8475 1104
8476 1101
8477 1098
8478 1095
8479 1092
8480 1096
8481 1093
8482 1097
8483 1101
8484 1098
8485 1098
8486 1095
8487 1092
8488 1089
8489 1086
8490 1090
8491 1088
8492 1085
8493 1082
8494 1082
8495 1079
8496 1079
8497 1083
8498 1080
8499 1077
8500 1074
8501 1071
8502 1071
8503 1068
8504 1065
8505 1062
8506 1059
8507 1056
8508 1056
8509 1053
8510 1050
8511 1054
8512 1052
8513 1052
8514 1049
8515 1046
8516 1046
8517 1044
8518 1041
8519 1038
8520 1035
8521 1032
8522 1029
8523 1026
8524 1023
8525 1020
8526 1032
8527 1036
8528 1036
8529 1033
8530 1030
8531 1027
8532 1024
8533 1021
8534 1025
8535 1022
8536 1026
8537 1023
8538 1021
8539 1018
8540 1022
8541 1019
8542 1019
8543 1016
8544 1016
8545 1013
8546 1010
8547 1007
8548 1007
8549 1011
8550 1008
8551 1012
8552 1009
8553 1013
8554 1017
8555 1014
8556 1011
8557 1008
8558 1005
8559 1002
8560 999
8561 996
8562 993
8563 993
8564 990
8565 987
8566 985
8567 982
8568 979
8569 983
8570 987
8571 984
8572 988
8573 985
8574 982
8575 982
8576 986
8577 983
8578 980
8579 984
8580 981
8581 985
8582 982
8583 982
8584 982
8585 979
8586 976
8587 973
8588 977
8589 981
8590 978
8591 975
8592 972
8593 969
8594 966
8595 963
8596 960
8597 957
8598 954
8599 951
8600 955
8601 959
8602 956
8603 956
8604 960
8605 957
8606 957
8607 954
8608 958
8609 955
8610 959
8611 956
8612 953
8613 950
8614 950
8615 947
8616 944
8617 941
8618 938
8619 935
8620 939
8621 936
8622 933
8623 930
8624 927
8625 924
8626 921
8627 918
8628 915
8629 912
8630 909
8631 913
8632 910
8633 914
8634 911
8635 908
8636 908
8637 905
8638 902
8639 906
8640 903
8641 900
8642 897
8643 897
8644 894
8645 891
8646 888
8647 885
8648 882
8649 879
8650 876
8651 874
8652 878
8653 875
8654 879
8655 877
8656 877
8657 881
8658 881
8659 878
8660 878
8661 875
8662 872
8663 869
8664 873
8665 873
8666 870
8667 867
8668 864
8669 861
8670 858
8671 855
8672 855
8673 852
8674 849
8675 846
8676 850
8677 850
8678 850
8679 847
8680 847
8681 844
8682 841
8683 838
8684 842
8685 846
8686 843
8687 840
8688 844
8689 844
8690 844
8691 841
8692 838
8693 835
8694 832
8695 829
8696 826
8697 830
8698 830
8699 827
8700 831
8701 828
8702 825
8703 822
8704 819
8705 816
8706 813
8707 810
8708 807
8709 811
8710 811
8711 808
8712 805
8713 802
8714 799
8715 799
8716 796
8717 800
8718 797
8719 794
8720 794
8721 791
8722 788
8723 786
8724 783
8725 780
8726 777
8727 774
8728 778
8729 775
8730 772
8731 772
8732 772
8733 776
8734 773
8735 773
8736 770
8737 767
8738 764
8739 761
8740 765
8741 765
8742 762
8743 759
8744 756
8745 756
8746 753
8747 750
8748 747
8749 751
8750 748
8751 752
8752 752
8753 749
8754 746
8755 743
8756 740
8757 737
8758 734
8759 738
8760 735
8761 732
8762 729
8763 726
8764 730
8765 727
8766 724
8767 721
8768 725
8769 725
8770 722
8771 726
8772 723
8773 720
8774 717
8775 721
8776 725
8777 725
8778 722
8779 719
8780 719
8781 716
8782 716
8783 713
8784 717
8785 717
8786 715
8787 712
8788 709
8789 706
8790 703
8791 700
8792 700
8793 700
8794 704
8795 708
8796 705
8797 702
8798 699
8799 696
8800 693
8801 693
8802 697
8803 695
8804 695
8805 692
8806 689
8807 686
8808 683
8809 683
8810 683
8811 680
8812 677
8813 677
8814 674
8815 671
8816 668
8817 665
8818 662
8819 662
8820 662
8821 659
8822 656
8823 653
8824 650
8825 650
8826 647
8827 647
8828 644
8829 641
8830 638
8831 635
8832 632
8833 629
8834 633
8835 631
8836 628
8837 628
8838 625
8839 726
8840 730
8841 727
8842 724
8843 721
8844 725
8845 722
8846 719
8847 716
8848 713
8849 717
8850 714
8851 711
8852 708
8853 705
8854 702
8855 699
8856 697
8857 694
8858 698
8859 698
8860 702
8861 706
8862 703
8863 707
8864 711
8865 708
8866 712
8867 709
8868 713
8869 710
8870 707
8871 704
8872 701
8873 705
8874 703
8875 700
8876 697
8877 694
8878 691
8879 695
8880 699
8881 696
8882 693
8883 691
8884 688
8885 685
8886 685
8887 682
8888 686
8889 690
8890 687
8891 684
8892 681
8893 678
8894 682
8895 686
8896 683
8897 680
8898 677
8899 674
8900 671
8901 668
8902 665
8903 662
8904 666
8905 663
8906 660
8907 657
8908 654
8909 651
8910 648
8911 645
8912 642
8913 646
8914 643
8915 643
8916 647
8917 644
8918 648
8919 645
8920 642
8921 646
8922 643
8923 640
8924 644
8925 641
8926 638
8927 638
8928 635
8929 639
8930 636
8931 633
8932 633
8933 633
8934 630
8935 627
8936 624
8937 621
8938 618
8939 615
8940 612
8941 609
8942 606
8943 610
8944 607
8945 604
8946 604
8947 601
8948 598
8949 595
8950 592
8951 589
8952 586
8953 583
8954 580
8955 580
8956 577
8957 574
8958 571
8959 568
8960 565
8961 565
8962 562
8963 559
8964 556
8965 553
8966 553
8967 551
8968 548
8969 545
8970 549
8971 549
8972 546
8973 543
8974 543
8975 540
8976 537
8977 534
8978 531
8979 531
8980 535
8981 539
8982 536
8983 533
8984 533
8985 537
8986 846
8987 843
8988 840
8989 837
8990 834
8991 838
8992 835
8993 832
8994 829
8995 833
8996 830
8997 830
8998 834
8999 831
9000 835
9001 832
9002 836
9003 833
9004 830
9005 827
9006 824
9007 828
9008 825
9009 822
9010 819
9011 816
9012 813
9013 810
9014 810
9015 808
9016 805
9017 805
9018 802
9019 802
9020 800
9021 804
9022 801
9023 798
9024 795
9025 792
9026 789
9027 793
9028 790
9029 787
9030 785
9031 783
9032 780
9033 777
9034 774
9035 771
9036 775
9037 772
9038 776
9039 780
9040 777
9041 774
9042 771
9043 771
9044 768
9045 765
9046 769
9047 766
9048 763
9049 760
9050 757
9051 761
9052 758
9053 762
9054 766
9055 770
9056 767
9057 771
9058 768
9059 765
9060 763
9061 763
9062 760
9063 757
9064 754
9065 754
9066 751
9067 748
9068 745
9069 742
9070 739
9071 736
9072 733
9073 730
9074 727
9075 724
9076 722
9077 824
9078 821
9079 825
9080 822
9081 826
9082 826
9083 830
9084 827
9085 824
9086 821
9087 818
9088 815
9089 815
9090 819
9091 816
9092 820
9093 817
9094 817
9095 817
9096 814
9097 811
9098 808
9099 805
9100 802
9101 799
9102 796
9103 793
9104 790
9105 787
9106 784
9107 781
9108 778
9109 782
9110 779
9111 776
9112 776
9113 780
9114 777
9115 774
9116 774
9117 771
9118 872
9119 869
9120 873
9121 870
9122 867
9123 864
9124 861
9125 861
9126 859
9127 856
9128 856
9129 853
9130 850
9131 847
9132 844
9133 844
9134 841
9135 838
9136 835
9137 832
9138 829
9139 826
9140 823
9141 827
9142 831
9143 828
9144 825
9145 822
9146 819
9147 823
9148 820
9149 824
9150 821
9151 821
9152 818
9153 815
9154 812
9155 809
9156 806
9157 803
9158 807
9159 804
9160 801
9161 801
9162 798
9163 798
9164 795
9165 799
9166 799
9167 796
9168 793
9169 790
9170 790
9171 787
9172 784
9173 784
9174 781
9175 778
9176 775
9177 772
9178 769
9179 766
9180 766
9181 763
9182 760
9183 757
9184 754
9185 758
9186 755
9187 759
9188 756
9189 857
9190 861
9191 865
9192 869
9193 866
9194 863
9195 863
9196 860
9197 857
9198 854
9199 851
9200 848
9201 845
9202 842
9203 839
9204 843
9205 847
9206 844
9207 841
9208 838
9209 835
9210 832
9211 829
9212 833
9213 830
9214 827
9215 824
9216 821
9217 818
9218 815
9219 812
9220 809
9221 806
9222 810
9223 807
9224 804
9225 801
9226 798
9227 795
9228 799
9229 796
9230 793
9231 790
9232 794
9233 794
9234 791
9235 788
9236 785
9237 782
9238 782
9239 779
9240 776
9241 773
9242 773
9243 770
9244 767
9245 767
9246 771
9247 775
9248 779
9249 776
9250 774
9251 774
9252 771
9253 768
9254 768
9255 765
9256 762
9257 759
9258 759
9259 763
9260 760
9261 760
9262 757
9263 754
9264 751
9265 748
9266 746
9267 1055
9268 1052
9269 1049
9270 1046
9271 1043
9272 1040
9273 1037
9274 1037
9275 1035
9276 1032
9277 1029
9278 1026
9279 1030
9280 1027
9281 1024
9282 1021
9283 1018
9284 1015
9285 1019
9286 1019
9287 1016
9288 1016
9289 1013
9290 1010
9291 1007
9292 1007
9293 1108
9294 1112
9295 1109
9296 1106
9297 1103
9298 1100
9299 1098
9300 1098
9301 1095
9302 1196
9303 1193
9304 1190
9305 1187
9306 1184
9307 1181
9308 1178
9309 1175
9310 1172
9311 1169
9312 1166
9313 1163
9314 1160
9315 1160
9316 1157
9317 1154
9318 1151
9319 1151
9320 1148
9321 1148
9322 1145
9323 1149
9324 1153
9325 1150
9326 1147
9327 1144
9328 1144
9329 1148
9330 1145
9331 1142
9332 1452
9333 1449
9334 1446
9335 1443
9336 1443
9337 1447
9338 1451
9339 1448
9340 1452
9341 1449
9342 1446
9343 1443
9344 1440
9345 1437
9346 1434
9347 1434
9348 1431
9349 1428
9350 1432
9351 1429
9352 1426
9353 1423
9354 1420
9355 1417
9356 1414
9357 1412
9358 1416
9359 1416
9360 1413
9361 1410
9362 1407
9363 1404
9364 1404
9365 1401
9366 1398
9367 1395
9368 1392
9369 1389
9370 1386
9371 1390
9372 1387
9373 1387
9374 1387
9375 1384
9376 1381
9377 1378
9378 1382
9379 1379
9380 1377
9381 1374
9382 1371
9383 1368
9384 1365
9385 1362
9386 1359
9387 1356
9388 1353
9389 1350
9390 1348
9391 1345
9392 1342
9393 1339
9394 1336
9395 1340
9396 1337
9397 1341
9398 1345
9399 1342
9400 1339
9401 1343
9402 1347
9403 1344
9404 1341
9405 1345
9406 1349
9407 1347
9408 1347
9409 1344
9410 1341
9411 1345
9412 1342
9413 1339
9414 1336
9415 1340
9416 1337
9417 1334
9418 1331
9419 1328
9420 1325
9421 1325
9422 1325
9423 1329
9424 1326
9425 1330
9426 1334
9427 1331
9428 1328
9429 1326
9430 1323
9431 1320
9432 1318
9433 1315
9434 1315
9435 1312
9436 1312
9437 1309
9438 1313
9439 1310
9440 1307
9441 1304
9442 1301
9443 1298
9444 1295
9445 1299
9446 1296
9447 1294
9448 1291
9449 1288
9450 1286
9451 1283
9452 1280
9453 1277
9454 1274
9455 1271
9456 1268
9457 1265
9458 1262
9459 1266
9460 1263
9461 1263
9462 1260
9463 1257
9464 1261
9465 1258
9466 1258
9467 1262
9468 1259
9469 1259
9470 1263
9471 1260
9472 1257
9473 1254
9474 1251
9475 1248
9476 1245
9477 1242
9478 1239
9479 1239
9480 1239
9481 1236
9482 1240
9483 1237
9484 1234
9485 1231
9486 1229
9487 1227
9488 1224
9489 1224
9490 1221
9491 1218
9492 1215
9493 1219
9494 1216
9495 1213
9496 1210
9497 1207
9498 1204
9499 1201
9500 1198
9501 1195
9502 1195
9503 1192
9504 1189
9505 1186
9506 1183
9507 1180
9508 1177
9509 1181
9510 1178
9511 1175
9512 1172
9513 1172
9514 1169
9515 1166
9516 1166
9517 1170
9518 1167
9519 1167
9520 1164
9521 1161
9522 1165
9523 1165
9524 1169
9525 1166
9526 1166
9527 1163
9528 1160
9529 1164
9530 1161
9531 1158
9532 1155
9533 1155
9534 1152
9535 1152
9536 1149
9537 1153
9538 1150
9539 1147
9540 1151
9541 1148
9542 1145
9543 1142
9544 1139
9545 1136
9546 1136
9547 1133
9548 1130
9549 1127
9550 1124
9551 1121
9552 1118
9553 1118
9554 1122
9555 1119
9556 1116
9557 1113
9558 1113
9559 1117
9560 1117
9561 1114
9562 1112
9563 1116
9564 1113
9565 1110
9566 1107
9567 1104
9568 1104
9569 1101
9570 1098
9571 1095
9572 1092
9573 1089
9574 1086
9575 1083
9576 1080
9577 1077
9578 1074
9579 1078
9580 1075
9581 1072
9582 1072
9583 1072
9584 1069
9585 1067
9586 1067
9587 1064
9588 1068
9589 1065
9590 1062
9591 1059
9592 1368
9593 1365
9594 1362
9595 1359
9596 1356
9597 1353
9598 1357
9599 1361
9600 1365
9601 1362
9602 1359
9603 1356
9604 1353
9605 1350
9606 1347
9607 1347
9608 1344
9609 1348
9610 1352
9611 1350
9612 1350
9613 1347
9614 1344
9615 1341
9616 1338
9617 1648
9618 1648
9619 1645
9620 1642
9621 1640
9622 1637
9623 1634
9624 1631
9625 1628
9626 1628
9627 1632
9628 1629
9629 1626
9630 1626
9631 1623
9632 1620
9633 1721
9634 1721
9635 1718
9636 1715
9637 1712
9638 1709
9639 1706
9640 1703
9641 1700
9642 1704
9643 1702
9644 1699
9645 1696
9646 1693
9647 1690
9648 1687
9649 1684
9650 1681
9651 1990
9652 1987
9653 1984
9654 1981
9655 1978
9656 1975
9657 1975
9658 1972
9659 1976
9660 1973
9661 1973
9662 1973
9663 1970
9664 1970
9665 1974
9666 1971
9667 1969
9668 1966
9669 1963
9670 1960
9671 1957
9672 1961
9673 1965
9674 1962
9675 1959
9676 1956
9677 1953
9678 1950
9679 1947
9680 1951
9681 1948
9682 1948
9683 1945
9684 1942
9685 1946
9686 1944
9687 1941
9688 1938
9689 1935
9690 1932
9691 1929
9692 1926
9693 1923
9694 1920
9695 1920
9696 1917
9697 1914
9698 1911
9699 1915
9700 1919
9701 1916
9702 1913
9703 1917
9704 1914
9705 1911
9706 1908
9707 1912
9708 1912
9709 1909
9710 1909
9711 1906
9712 1903
9713 1900
9714 1904
9715 1901
9716 1898
9717 1902
9718 1900
9719 1897
9720 1894
9721 1894
9722 1891
9723 1888
9724 1885
9725 1882
9726 1879
9727 1876
9728 1873
9729 1877
9730 1874
9731 1871
9732 1875
9733 1872
9734 1869
9735 1873
9736 1870
9737 1867
9738 1864
9739 1861
9740 1858
9741 1862
9742 1859
9743 1856
9744 1853
9745 1850
9746 1847
9747 1844
9748 1848
9749 1845
9750 1842
9751 1839
9752 1843
9753 1847
9754 1844
9755 1848
9756 1845
9757 1842
9758 1839
9759 1836
9760 1836
9761 1840
9762 1837
9763 1834
9764 1831
9765 1828
9766 1825
9767 1829
9768 1826
9769 1823
9770 1820
9771 1817
9772 1814
9773 1818
9774 1815
9775 1812
9776 1809
9777 1809
9778 1806
9779 1803
9780 1800
9781 1797
9782 1794
9783 1791
9784 1788
9785 1785
9786 1789
9787 1789
9788 1786
9789 1783
9790 1783
9791 1780
9792 1777
9793 1774
9794 1774
9795 1778
9796 1775
9797 1772
9798 1769
9799 1767
9800 1771
9801 1769
9802 1766
9803 1763
9804 1760
9805 1760
9806 1760
9807 1757
9808 1754
9809 1758
9810 1755
9811 1752
9812 1756
9813 1760
9814 1757
9815 1757
9816 1754
9817 1751
9818 1748
9819 1745
9820 1742
9821 1739
9822 1743
9823 1740
9824 1737
9825 1734
9826 1731
9827 1728
9828 1725
9829 1722
9830 1719
9831 1723
9832 1720
9833 1717
9834 1714
9835 1718
9836 1722
9837 1726
9838 1726
9839 1730
9840 1730
9841 1727
9842 1724
9843 1721
9844 1721
9845 1725
9846 1722
9847 1726
9848 1723
9849 1720
9850 1717
9851 1714
9852 1718
9853 1715
9854 1712
9855 1709
9856 1706
9857 1703
9858 1707
9859 1704
9860 1701
9861 1701
9862 1698
9863 1695
9864 1695
9865 1695
9866 1692
9867 1696
9868 1693
9869 1690
9870 1690
9871 1694
9872 1691
9873 1688
9874 1688
9875 1688
9876 1790
9877 1790
9878 1787
9879 1791
9880 1788
9881 1785
9882 1782
9883 1786
9884 1783
9885 1780
9886 1780
9887 1777
9888 1781
9889 1882
9890 1886
9891 1886
9892 1883
9893 1880
9894 1877
9895 1874
9896 1871
9897 1871
9898 1868
9899 1872
9900 1869
9901 1971
9902 1968
9903 1965
9904 1962
9905 1959
9906 1956
9907 1953
9908 1957
9909 1961
9910 1958
9911 1955
9912 1952
9913 1949
9914 1946
9915 1943
9916 1940
9917 1937
9918 1934
9919 1934
9920 1938
9921 1942
9922 1939
9923 1936
9924 1940
9925 1940
9926 1937
9927 1934
9928 1931
9929 1928
9930 1928
9931 1925
9932 1922
9933 1919
9934 1916
9935 1913
9936 1917
9937 1921
9938 1918
9939 1915
9940 1912
9941 1909
9942 1907
9943 1911
9944 1908
9945 1912
9946 1912
9947 1909
9948 1906
9949 1910
9950 1908
9951 1912
9952 1916
9953 1914
9954 1912
9955 1916
9956 1913
9957 1910
9958 1907
9959 1907
9960 1911
9961 1908
9962 1905
9963 1905
9964 1905
9965 1902
9966 1899
9967 1897
9968 1901
9969 1898
9970 1895
9971 1899
9972 1896
9973 1893
9974 1890
9975 1888
9976 1885
9977 1889
9978 1886
9979 1890
9980 1887
9981 1884
9982 1881
9983 1878
9984 1875
9985 1872
9986 1973
9987 1970
9988 1967
9989 1964
9990 1961
9991 1958
9992 1965
9993 1965
9994 1962
9995 1959
9996 2061
9997 2058
9998 2055
9999 2052
10000 2049
